1.768935005763674212e-02
4.491199482443845870e-02
-9.619083593775988941e-03
-3.388454314427172265e-02
1.805478296393633886e-01
-1.257985579825839639e-01
-3.358237800434440284e-02
2.745489705774027331e-02
-1.072960981106299734e-02
6.769379659993554621e-02
1.773965794091846709e-02
1.360876809259178588e-01
1.272747773969786292e-02
-4.702390051137509547e-02
9.311605941210629109e-03
7.030862916167918142e-02
-1.012678699984693176e-01
-6.779354368229875694e-02
9.978403400876757756e-02
-1.494921844850870089e-02
7.128767160425346361e-02
-9.146426535104690281e-02
-1.499135208149741105e-01
2.363325818570849446e-02
1.050211602732212118e-01
-4.525418658255696280e-03
-1.553684703978822634e-01
-4.739119300251726230e-02
2.995986812215912717e-02
2.836881002258172940e-02
5.108691488166492572e-02
1.710705804746661396e-01
-1.688028140639831198e-01
-3.636499705932557530e-02
5.568410805051887680e-02
-1.551549459332293539e-02
-4.003294396675601691e-02
-2.104572458199279600e-02
2.224560313711529749e-02
3.304484757123404663e-03
-2.796478709402839061e-02
-1.875206697203884304e-02
7.012025985570020416e-03
-3.138223227487971223e-02
-1.376548140549816168e-01
8.560319688338988153e-02
-2.775359832359014164e-02
-1.926442791841765983e-04
-3.379511921410729980e-02
-6.056270624206698538e-02
4.816918173926486996e-02
-1.851959426468852976e-01
-6.525054527366121182e-02
-3.628734479521251305e-02
8.789060195204029258e-02
-1.540680443386319987e-01
-3.485807955728405759e-03
-2.142459031221327290e-02
1.168704155434359127e-01
3.718142328310952704e-02
4.464004736975316773e-02
-1.930512756972246891e-02
-1.522068513295026068e-04
7.638377696093268110e-02
4.559787640229726741e-02
8.275436124227432411e-02
-3.638291222530911327e-03
7.235838186075337942e-03
5.952626354053849184e-02
-5.896783249990990294e-02
8.242376991435577949e-02
4.458308789730568156e-02
-1.029349922233078855e-02
3.641970351586584081e-03
-1.551049247987296709e-01
-7.649659301090679098e-02
1.378322609574791739e-02
1.053684492815790963e-01
-2.519639153204961471e-02
3.518658597359165807e-02
-1.449466491326567852e-01
1.259010505299068827e-01
8.568652167491364047e-02
5.281372836866950887e-02
3.114652324098701741e-02
8.037706723147849952e-02
-9.903714344381732426e-02
1.024474152263992431e-02
-1.378520788736262992e-01
-3.737242220208837271e-03
-3.224744714168762544e-02
-9.121110795719175601e-02
-6.329433692364123953e-02
4.506153799242655633e-02
-1.366546508444301533e-01
-6.732341545354944556e-02
-1.013768176367729409e-02
5.941184315384913373e-02
-1.861479545845202629e-02
-1.112377895226345226e-01
9.026002252270014237e-02
4.668110445164625616e-02
-1.653856866012755333e-02
8.321550192339190188e-03
7.943028825277541338e-02
-5.738407698866844486e-02
1.591773495872071120e-01
-6.603358683974408505e-02
1.785753940180861143e-01
6.630921948169678226e-02
6.033361154085100514e-02
7.810522715874654298e-02
-1.016975435319208559e-01
-4.006903779288096407e-02
-1.152662370383513435e-01
-2.482971177531893142e-02
-1.843275410259863356e-02
1.004221798502631241e-01
-4.062646673432153410e-02
-1.146015006911454276e-01
-3.702205316407318481e-02
3.424854852362011620e-02
7.937766284190171662e-02
-1.128432253623190551e-01
-3.504058964384879071e-02
-1.282984246010170637e-01
5.937878186172661915e-02
7.246134528839912048e-02
2.878909644556925176e-02
7.150998957041895809e-02
6.947810390782124812e-02
6.794376259265379192e-02
-3.853624095562607071e-02
-1.023234213801288567e-01
-7.625411716420503472e-02
3.381108743074837802e-02
-1.967413780966414602e-02
1.005629353113068197e-01
5.050870257811730657e-02
4.351675612352607497e-02
-4.096061352473354122e-02
3.021728564704496967e-02
1.316975465194769948e-02
7.205297812631224208e-02
1.595560849666375069e-01
-2.103088537442412975e-02
-1.464084073549090995e-02
-1.032562300588269893e-01
-1.524760148677455421e-02
-7.054841514473262666e-03
1.132972441341464909e-01
1.075975129786822526e-01
9.597952870996417918e-02
-9.264181921114444940e-03
-4.488204266201258757e-02
1.636707549736650738e-02
7.391248870885737399e-02
1.367781522281887596e-01
4.265825579156154457e-02
1.183750599871213477e-01
-5.189614137888281901e-03
-1.133815930354163670e-02
8.246214239681411151e-02
-5.033444118253223298e-02
-1.124584894191582168e-01
1.293867884183682593e-01
6.581091246956545342e-03
-1.343845735485404147e-01
-4.167932279137745444e-02
4.346739896321182711e-02
-9.782480193766190935e-02
-1.093853957676405031e-01
-1.201858084269492033e-01
1.103490736186373954e-03
9.030384964449252039e-02
-1.757165040072378170e-01
-9.821996068397341462e-02
-4.640521565589584424e-02
-4.192481911305693393e-02
-9.926693439865447166e-02
-1.161585964048954776e-02
4.130414196285713685e-02
3.008048876200900609e-03
1.578398103880954417e-01
-1.349770801472895687e-01
-6.994149622793630061e-02
3.651494249897842270e-02
6.047570278440185521e-02
-1.069758943898888592e-01
1.899771174784088412e-01
6.196531720473860000e-02
6.386358803892375202e-02
-7.219811370530399008e-02
1.459058374700870908e-01
-9.365953392310777392e-02
7.837408802898999938e-02
9.383460257686164485e-02
5.648557853518763189e-02
-1.208768546877301148e-01
1.399279862534009433e-01
1.828369934282099776e-02
8.557441689620580438e-02
4.260797840203221429e-03
-4.757893825610520072e-02
-4.009723448207119789e-02
1.331136608549179645e-01
4.506162070906954281e-02
-1.062696589825655978e-02
2.245352928254261068e-02
-4.301976556060335688e-02
-9.708051382839673338e-02
4.718551562608906680e-02
3.391011559272730236e-02
3.345923802837705990e-02
-1.214677645944912676e-01
-2.863869087657458859e-02
-3.244528878300582952e-02
1.025457954216630607e-01
3.512802971230099582e-03
9.937166222056978415e-02
-5.616363931151322625e-02
-3.808403659332944974e-02
-2.501438505377903687e-02
1.637796623329350609e-01
4.021646021141529054e-02
-2.275336684628445627e-02
-8.995125398851038651e-03
-3.520958852090718544e-02
-5.040075308620681899e-02
-1.106220578037550029e-01
-8.361389814830558209e-02
-6.672118648432071031e-02
-8.899235041439423899e-02
-1.706626340131841765e-02
8.366563519925207526e-02
-7.975298722713869415e-02
-3.934844497762497034e-02
1.330161578598156313e-01
6.622026379751472236e-02
-4.871655445328759715e-02
3.366464238723436853e-03
4.437920736372365899e-04
1.213278151251137756e-02
1.858016754614471092e-02
2.795218190306494183e-02
-8.292003331525676924e-02
6.826729033630442312e-02
-4.106873751218063223e-02
-1.958958427149327594e-02
1.453302222427116930e-01
-5.179018772320445087e-03
2.006038269697810877e-02
5.044011613169774311e-02
1.097798434015314767e-01
-1.019285278503062782e-02
4.139665430355460307e-03
-3.813437931528464858e-02
1.986853285593409568e-02
-2.028057109617808010e-02
-2.056085926400522124e-02
-1.888304049298963616e-01
-3.953948391820467922e-02
-4.287481803077352986e-03
2.333643275992331942e-02
1.045558289071709668e-01
1.428389695688633658e-02
5.441816634292147292e-02
-1.446168425260389301e-01
-1.416639467207871268e-02
-6.057056055102793407e-02
2.581599435808555002e-03
-1.573608005191665937e-01
2.845474216928085137e-02
-2.056928387669376967e-01
-7.303957191138282963e-03
9.954958820860930480e-02
1.025158664825549237e-01
4.835193598400690934e-02
9.410492590533563184e-02
1.439741998388631081e-02
1.106226718037110202e-01
-3.983846957861174320e-02
-6.472837389069686920e-02
-5.137564493481498740e-02
-6.199764522403313632e-02
-5.713317280947816795e-02
-3.881220760754215682e-02
4.185389957139484113e-02
2.706938482483151401e-02
-8.018689737121904859e-02
4.146422302400819965e-02
-7.755477789600558058e-02
-5.612309759587791325e-02
-9.390377908485374181e-02
2.474799096810827506e-02
-8.288298820749413764e-02
-6.599746350998408895e-02
-3.491487146556299798e-03
-4.114695712436470393e-02
9.293904832788700381e-04
