-4.547786156145552233e-02
3.462758960220760351e-02
4.712143353108189797e-02
3.677765143140204751e-02
1.012486889164213900e-02
-1.089012944218222395e-01
3.803380020187685506e-02
3.203793305529398922e-02
-2.325966261511785635e-02
1.006024443809182822e-01
7.513926644895146945e-02
-5.717526901956779262e-02
4.419827277582989884e-03
-4.089156347478307280e-02
2.940622874721842209e-02
1.575523690526493478e-02
6.810523816065244818e-02
5.296034905187032432e-02
6.618991331734765809e-03
4.247203002732278382e-02
-1.763565016621006926e-02
-4.730510983081273602e-02
5.873556130586403065e-03
8.051195512276182464e-02
-1.927326697186402052e-02
-3.261072621520091225e-02
1.519627250658376304e-02
7.389241977860520894e-02
2.016587206252623554e-02
-6.901186138657779134e-02
4.755981481749013001e-02
-2.071727295574555053e-02
-9.093671771992625774e-02
-3.929381754950316691e-03
1.045667498476830770e-02
5.516180136653873328e-02
-4.291939681366013781e-02
-6.264880370945294895e-03
-2.305489399931232725e-02
7.348756059582374489e-02
4.291997434404640904e-02
1.768978282849744885e-02
-6.643201784441384039e-02
-3.703207393822705029e-02
-5.803032534639344930e-02
-2.315550909458696446e-02
-5.726926354861423818e-02
-6.449545283916814642e-02
-7.531447471653440751e-02
-3.092758635397535073e-03
1.010030956190983292e-02
4.833521104651345573e-02
-1.612199997999938170e-02
3.652948973683273898e-02
3.060212962314353899e-02
-8.834956675402622084e-02
4.478432759773032755e-03
3.911700509075289461e-03
-9.112560885350207140e-02
-3.250939546615198850e-02
6.184253026296013950e-02
-3.168432018285608637e-02
6.897753898928968980e-03
7.945927672312381312e-03
-2.517811827554898921e-02
-4.524377544219756325e-02
5.585675413219508972e-02
1.006405708738136902e-02
-4.485858313882833126e-02
-4.037189264333425343e-02
5.269674144176859920e-02
-1.023129628086596604e-01
-8.488888007654314671e-03
-5.414592795194969610e-02
4.504968754154441146e-02
-1.019511906348767594e-02
-6.943314687343943303e-02
5.214264618889561526e-02
-3.075718288962899644e-02
7.325184838872257458e-03
-2.858571717362387923e-02
5.092531714270637395e-03
2.904053008483598736e-02
-3.307135736753937481e-03
-2.014109738671218675e-02
-1.295553342450596855e-02
6.992222746726608693e-03
-1.487998750134244923e-02
1.636750830499420981e-02
2.995396996943364837e-02
-7.031887080335434692e-02
2.648551276001534852e-03
-9.798721688648971695e-02
-6.899788312059471074e-02
-8.717533511512941258e-02
-2.906686119875427632e-02
3.812376873650852750e-03
2.805546025493104237e-02
5.111441671250495367e-02
-4.315201700743710733e-02
4.722695842762029972e-02
1.820849113917542145e-02
3.488795190346501152e-02
7.136085811797195089e-02
1.010767758409965647e-02
8.037414149417549183e-03
1.640328835258441113e-03
-3.895736140825132449e-02
-1.986056135301109832e-02
3.276608313137618217e-02
1.266744034108535366e-01
3.946789319298786569e-02
-1.325865647222775924e-02
-6.256704425283912338e-03
5.016713884559022979e-02
-2.545101903736885635e-02
7.397218936999114258e-02
7.947706098393811369e-02
-7.297337260840371098e-02
1.967615113210913202e-02
-6.730741579977099487e-02
-1.093142720003990181e-01
4.196405731148726559e-02
2.336638022168524911e-02
9.420171953864660622e-03
1.241287759075925326e-02
9.964095081947087207e-03
1.622699384079218099e-02
1.707490808982483482e-02
7.905579254133847378e-02
-2.457010099074600704e-02
-8.141066370195845781e-02
-5.383199004519174241e-02
-2.905823877924061660e-02
-1.324089883641918763e-01
3.956217652556103491e-03
-7.159131429815165232e-03
7.001917979478947118e-02
1.956613380777635913e-02
-9.377204410322848710e-03
-5.373471812150585475e-02
-4.310814400193006823e-02
-1.124365755700823810e-01
3.041530134311248509e-03
-7.841566374162728392e-02
4.430036749767543580e-02
-1.693945690653304165e-02
3.320309748758455692e-02
7.812273949031001141e-02
-6.368703187587446135e-02
7.043709179504446805e-02
2.801192649794746747e-02
-2.508863825021346444e-02
-3.864460825164356406e-02
5.254896641099291929e-03
-3.326509460363898801e-02
2.676771288780822877e-02
1.666723486775580770e-02
5.325368651669756814e-02
1.320890698744938384e-02
8.201339453966577375e-02
6.611803453395980780e-03
-8.459344306612816278e-02
9.123509190498713117e-02
3.935358292222464888e-02
-1.165159036109266952e-02
1.370226558352859690e-02
-7.725615479930021678e-02
-7.684894495333812435e-03
-5.688450471067538899e-02
1.019677253056070106e-03
-4.416320725579457596e-02
2.316701756521227784e-02
6.040558056706463869e-03
-2.094801348675132471e-02
-2.111220436306959769e-02
7.589413301045476457e-03
1.858415706569283704e-02
7.472899369630041366e-02
1.218417820406847707e-01
-7.152478207232015883e-02
-3.166223345264437827e-02
-6.768814981910345474e-02
3.378538725468963749e-02
-1.106617206740638688e-02
6.548078224049516671e-02
1.892907044484894510e-02
-6.429464297630547998e-03
-1.040590687784059554e-01
5.457331501238504856e-02
4.982243995792187685e-02
9.964643812166440462e-03
8.189442301857609297e-02
-3.772666199695892675e-02
6.876674558258479009e-02
-4.565843717569478127e-02
5.789542919971687324e-02
5.529626496513950773e-03
3.175333273533421929e-02
1.407520334044798198e-02
3.112633465869183227e-02
-3.617813108825158885e-02
3.181768654901970944e-02
2.636293964203323056e-02
-4.638868567899800260e-02
-2.754633253172870944e-02
5.094836903619547747e-02
4.449266511443630834e-02
-2.340127039415519031e-03
2.320025590725898271e-02
2.390407473815709880e-02
4.952068799687198153e-02
-6.515224078289260506e-03
-4.706836451892908862e-02
-6.959132572195102229e-02
1.441815498139770342e-02
-5.173239519377245688e-02
7.343979537802941548e-03
3.531011396867558827e-02
7.801486671555286911e-03
-1.264697095352990434e-03
-1.327967284723976793e-01
6.226888057451562125e-02
2.708598890133746481e-02
-8.966543896268390490e-02
-1.420251721189785994e-02
-5.333104887388116083e-02
-3.799779174897920803e-02
-2.496453786717697104e-02
-1.248551836026969841e-01
1.040639638068971591e-02
-5.393548515032343948e-02
-9.922446378947766960e-03
-2.625899717962066823e-02
-1.377783779829522097e-02
4.955346876823225367e-03
2.180188080015283206e-02
2.916232423620446559e-02
8.803338432894101603e-04
7.265562163370466175e-02
-1.546588005785652122e-02
6.732838850490970029e-02
9.378979499393214070e-02
-2.556934976131660861e-02
9.322710528973647548e-02
-5.633736552585268120e-02
6.277277707734091328e-02
2.347117577688279805e-02
3.777108984955742516e-02
-5.965434708672589376e-02
-1.645151020867986064e-02
9.179846327436032294e-02
5.849410179135660498e-02
7.383005278012352499e-03
-1.152720191577506353e-01
-8.970634565613211375e-02
-4.590459679042278168e-02
-6.712969472453587591e-03
-2.666572650130569211e-02
-4.292866812142866195e-02
-6.431112641519649842e-02
-1.102608035992710817e-01
-6.968113135159838267e-02
-5.626808840085904991e-03
-2.715416998514035354e-02
2.625809389376371900e-02
-1.792181191415680511e-02
5.873198275938232293e-02
4.104446960322041121e-02
-1.063370907296260492e-01
-8.908607123941719719e-02
8.032514928460561185e-03
-3.012994506427747396e-02
-3.392248080713699404e-02
3.750570405776753463e-02
-4.876096449185377685e-02
-3.393991219449477015e-02
-1.083452509204143634e-02
1.359107949861690411e-03
-2.015312348274555469e-03
-2.513100134631258281e-02
-6.714276938444297023e-03
-4.663480538882829041e-02
3.267759112810918881e-02
-1.351421455496552501e-02
-2.068126995063495482e-02
3.394714198963517948e-02
6.813613889859260198e-02
-4.778235885939337291e-02
7.258755692189701458e-02
5.477946081056216804e-02
1.091032509626042694e-02
-4.607766965517642171e-02
9.501643645459922904e-02
-2.568936936326671888e-02
1.284367511263687263e-02
-1.383945636811870217e-01
-2.933914187247388394e-02
-1.955482721147010911e-02
2.356794987447031337e-02
