-9.999999780137395211e-01
9.898777890579979477e-01
9.998983869238405875e-01
9.999997128326447715e-01
9.976048995801224395e-01
9.978648738788006289e-01
9.997233873994810782e-01
-8.435173457048454893e-01
-9.999935727419818621e-01
9.742040058321900231e-01
-9.999997991664517638e-01
-9.999888185168098742e-01
-9.996808706827640112e-01
-9.963919164345764745e-01
9.997601771913700031e-01
9.997051427584148220e-01
9.931587233320186003e-01
9.997362566125169714e-01
9.992152309938953092e-01
-9.999663154979517854e-01
9.977232238677529175e-01
-9.909226193278367623e-01
9.999999948931350691e-01
-9.998253223013173763e-01
9.999209354823720419e-01
9.905192683491744754e-01
-9.999999928001497285e-01
9.990239157844610363e-01
-9.980557564081261601e-01
-9.999916737612868367e-01
-9.999999162963106869e-01
9.999042976473809796e-01
-9.977147270817706692e-01
9.992099102169886837e-01
9.989484236914430992e-01
9.996378147281782534e-01
9.999112045307760877e-01
-9.998292101172800983e-01
-9.999999688430221134e-01
-9.997440936811994305e-01
-9.989318795758367342e-01
9.995192938804422500e-01
-9.996852664713999914e-01
-9.967974645469093176e-01
9.999999478652709106e-01
9.999830996075923517e-01
9.826146031902472933e-01
-9.999835503737142250e-01
9.960176867199997952e-01
-9.999073176473927127e-01
-9.919109707087779837e-01
-9.972121485533560481e-01
9.637561385667884339e-01
9.999969992320549839e-01
-9.943541707434668808e-01
9.999988527766227042e-01
9.999999148628602175e-01
-9.957774146438757024e-01
9.947458481758147952e-01
-9.940116417080203659e-01
9.999966120639154354e-01
9.999923985726972830e-01
-9.960021929213269676e-01
-9.779622297376864282e-01
-9.998873008235857895e-01
9.864088999687538051e-01
9.932177425059276477e-01
-9.999166960455678765e-01
-9.857810028764378840e-01
-9.922110638733880883e-01
9.996988582124061162e-01
9.790807149670421872e-01
-9.999932355168954512e-01
-9.999863514285518562e-01
-9.998609415170819359e-01
9.998963496093760117e-01
-9.999998467629088728e-01
-9.986438390824847744e-01
-9.919806468032121849e-01
9.447025987151211890e-01
9.998867209924502397e-01
-9.992763549887320185e-01
9.988438093176644772e-01
-9.833840448593625938e-01
9.994136694892554740e-01
9.921712571612212317e-01
-9.997036883292627074e-01
-9.999998542904962040e-01
-9.941378543550610791e-01
9.999998301889188035e-01
-9.975863971496102822e-01
-9.998574640914069667e-01
-9.999935154398607029e-01
-9.999748624152753340e-01
-9.978989966231553987e-01
-9.999999711940014135e-01
-9.960387697565765697e-01
9.971781381589983617e-01
-9.992109764469765398e-01
9.998890441283319053e-01
-9.952893781398836071e-01
-9.999721692326261069e-01
-9.974454753823072117e-01
9.970675616813042819e-01
9.997191433991866605e-01
-9.999042805412203805e-01
9.982815048758234555e-01
-9.999996043468529772e-01
9.995567751662693956e-01
9.976208848131563611e-01
9.981879424457071881e-01
-9.999972334549539488e-01
-9.990598185419461430e-01
9.994876863247541543e-01
-9.999846582187464916e-01
9.959530676631664914e-01
-8.884813265217904599e-01
-9.985086364373854106e-01
-9.727163355016578139e-01
9.988423480213072247e-01
9.994722240247924105e-01
-9.999978763175458862e-01
9.983239612252410300e-01
9.999999624210941240e-01
-9.925436952671846669e-01
-9.999788990119050647e-01
9.873265464418179427e-01
9.846600974964060393e-01
9.996746248786112510e-01
9.995090215365846076e-01
9.999984586447769885e-01
9.999787551386603024e-01
9.997419866311849646e-01
9.999272919002712978e-01
-9.973799949306771939e-01
9.979838500137506729e-01
-9.999999866936232218e-01
-9.978643567776770418e-01
-9.753196805472348352e-01
-9.999993808977767351e-01
-9.987475494584064917e-01
-9.833231958486988722e-01
9.984743104616119469e-01
-9.975788241845134907e-01
9.976450183951771633e-01
9.742393736551876460e-01
9.984342970453817800e-01
9.942927995740905578e-01
9.997914564637953028e-01
-9.968115761913828310e-01
-9.991773664904810559e-01
9.910167170436634532e-01
-9.997678046681635067e-01
9.998174674545838858e-01
-9.990518932994588708e-01
-9.999998234755196336e-01
9.999818035706536934e-01
-9.434668658984508571e-01
9.979366030632781381e-01
9.993236403988943195e-01
-9.998745056444782175e-01
-9.980004058320406379e-01
9.999864842838341872e-01
9.997649696840308353e-01
9.999839992046223314e-01
9.968936687513708650e-01
-9.996927199775833550e-01
-9.097099402641996013e-01
9.844781619524719529e-01
-9.809340632450366249e-01
9.995904247571194556e-01
-9.986945772189439463e-01
-9.983285584332718399e-01
9.999832752935957636e-01
-9.993620164514510629e-01
-9.999228495602729971e-01
-9.982105171851811676e-01
-9.998151080388186784e-01
-9.987593796297909998e-01
9.995706549261966778e-01
9.962675929382319717e-01
-9.999999448404243152e-01
9.754076442812568137e-01
9.999896063048041572e-01
-9.985681938993368201e-01
-9.899092781483933567e-01
-9.998988537545174804e-01
9.997550896178335478e-01
9.999992966041133524e-01
9.971967075763124022e-01
9.993924496300576887e-01
9.996277269242863639e-01
9.999880683494992706e-01
-9.999049939838468015e-01
-9.985399307422134774e-01
9.999940196488603661e-01
9.999999987657618439e-01
9.999200341069873765e-01
-9.999998337391307057e-01
-9.999364064255937823e-01
-9.979548515941706333e-01
9.975680315769210882e-01
9.984929165077495172e-01
-9.823751990031084347e-01
-9.990521991222767184e-01
-9.999997647449713201e-01
9.999999470497376031e-01
9.999988187108358462e-01
-9.999049412170962770e-01
9.794887412137268656e-01
9.999908592380719607e-01
9.487198406319651278e-01
9.998909297477723834e-01
9.999997361477372948e-01
-9.936677837716038075e-01
9.985205203516299699e-01
-9.845003086314746410e-01
-9.960653322933779030e-01
-9.998959536621860877e-01
9.858657664610138704e-01
-9.999992195493807579e-01
-9.999883206088691079e-01
-9.913226526037386410e-01
9.999998742503771743e-01
-9.997008235437770951e-01
-9.999999335478195750e-01
9.810695703924323663e-01
9.999999976920866951e-01
-9.815847262844561438e-01
9.942603040734913078e-01
-9.957463997527443711e-01
9.980045461508920690e-01
9.999971846795501218e-01
9.684598859278941152e-01
9.933103359372185137e-01
9.999920182379856692e-01
9.957834041229638444e-01
9.992307980998490491e-01
-9.876796428351848345e-01
9.999859640596152621e-01
-9.883438082704523175e-01
-9.954649693515865705e-01
9.999122774300353012e-01
-9.999999913497809034e-01
9.999999492225500886e-01
-9.999760820200036537e-01
9.799718657047766790e-01
-9.999485201786859623e-01
9.999913571786397393e-01
9.972130580597116101e-01
-9.921513240763395469e-01
9.834075279931226987e-01
9.921236063386837944e-01
9.999482389884747358e-01
-9.999991130324904498e-01
-9.999999500281113729e-01
8.958919574402914865e-01
9.999663819304402956e-01
-9.997658369227744313e-01
-4.268475978421545358e-01
-9.999215729393733376e-01
9.999945085969748071e-01
-9.915083067465717548e-01
-9.997722796083109431e-01
9.788191556501355528e-01
-9.990331652776964777e-01
-9.985268931917062885e-01
-9.992916743245507938e-01
-9.999466482687418001e-01
-9.998589645101982892e-01
-9.877166360561435710e-01
-9.999978959094237840e-01
-9.992949293970919689e-01
-9.992228634254023412e-01
-9.994072159480017481e-01
-9.999949510013645959e-01
9.999630514041394358e-01
9.999992752223766379e-01
9.999973829812875969e-01
9.999879487684424362e-01
9.999996240129149783e-01
-9.999988764006501052e-01
-9.693920772181461309e-01
-9.996632313085461741e-01
-9.993016762211009985e-01
-9.927491825880256915e-01
-9.998630393137830641e-01
-9.656276184872381041e-01
9.999393571622675614e-01
-9.889660003496542062e-01
9.974574953956948375e-01
9.999961964469633591e-01
-9.999925103850842989e-01
-9.968878839818280380e-01
-9.999996872113808832e-01
9.999542088050050737e-01
9.966376414879907220e-01
-9.987594914097399634e-01
-9.815150915805143095e-01
-9.999999159463177634e-01
