0.000000000000000000e+00
3.000000000000000000e+02
6.000000000000000000e+02
9.000000000000000000e+02
1.200000000000000000e+03
1.500000000000000000e+03
1.800000000000000000e+03
2.100000000000000000e+03
2.400000000000000000e+03
2.700000000000000000e+03
3.000000000000000000e+03
3.300000000000000000e+03
3.600000000000000000e+03
3.900000000000000000e+03
4.200000000000000000e+03
4.500000000000000000e+03
4.800000000000000000e+03
5.100000000000000000e+03
5.400000000000000000e+03
5.700000000000000000e+03
6.000000000000000000e+03
6.300000000000000000e+03
6.600000000000000000e+03
6.900000000000000000e+03
7.200000000000000000e+03
7.500000000000000000e+03
7.800000000000000000e+03
8.100000000000000000e+03
8.400000000000000000e+03
8.700000000000000000e+03
9.000000000000000000e+03
9.300000000000000000e+03
9.600000000000000000e+03
9.900000000000000000e+03
1.020000000000000000e+04
1.050000000000000000e+04
1.080000000000000000e+04
1.110000000000000000e+04
1.140000000000000000e+04
1.170000000000000000e+04
1.200000000000000000e+04
1.230000000000000000e+04
1.260000000000000000e+04
1.290000000000000000e+04
1.320000000000000000e+04
1.350000000000000000e+04
1.380000000000000000e+04
1.410000000000000000e+04
1.440000000000000000e+04
1.470000000000000000e+04
1.500000000000000000e+04
1.530000000000000000e+04
1.560000000000000000e+04
1.590000000000000000e+04
1.620000000000000000e+04
1.650000000000000000e+04
1.680000000000000000e+04
1.710000000000000000e+04
1.740000000000000000e+04
1.770000000000000000e+04
1.782200000000000000e+04
1.812200000000000000e+04
1.842200000000000000e+04
1.872200000000000000e+04
1.902200000000000000e+04
1.932200000000000000e+04
1.962200000000000000e+04
1.992200000000000000e+04
2.022200000000000000e+04
2.052200000000000000e+04
2.082200000000000000e+04
2.112200000000000000e+04
2.142200000000000000e+04
2.172200000000000000e+04
2.202200000000000000e+04
2.232200000000000000e+04
2.262200000000000000e+04
2.292200000000000000e+04
2.322200000000000000e+04
2.352200000000000000e+04
2.382200000000000000e+04
2.412200000000000000e+04
2.442200000000000000e+04
2.472200000000000000e+04
2.502200000000000000e+04
2.532200000000000000e+04
2.562200000000000000e+04
2.592200000000000000e+04
2.622200000000000000e+04
2.652200000000000000e+04
2.682200000000000000e+04
2.712200000000000000e+04
2.742200000000000000e+04
2.772200000000000000e+04
2.802200000000000000e+04
2.832200000000000000e+04
2.862200000000000000e+04
2.892200000000000000e+04
2.922200000000000000e+04
2.952200000000000000e+04
2.982200000000000000e+04
3.012200000000000000e+04
3.042200000000000000e+04
3.072200000000000000e+04
3.102200000000000000e+04
3.132200000000000000e+04
3.162200000000000000e+04
3.192200000000000000e+04
3.222200000000000000e+04
3.252200000000000000e+04
3.282200000000000000e+04
3.312200000000000000e+04
3.342200000000000000e+04
3.372200000000000000e+04
3.402200000000000000e+04
3.432200000000000000e+04
3.462200000000000000e+04
3.492200000000000000e+04
3.522200000000000000e+04
3.552200000000000000e+04
3.564400000000000000e+04
3.594400000000000000e+04
3.624400000000000000e+04
3.654400000000000000e+04
3.684400000000000000e+04
3.714400000000000000e+04
3.744400000000000000e+04
3.774400000000000000e+04
3.804400000000000000e+04
3.834400000000000000e+04
3.864400000000000000e+04
3.894400000000000000e+04
3.924400000000000000e+04
3.954400000000000000e+04
3.984400000000000000e+04
4.014400000000000000e+04
4.044400000000000000e+04
4.074400000000000000e+04
4.104400000000000000e+04
4.134400000000000000e+04
4.164400000000000000e+04
4.194400000000000000e+04
4.224400000000000000e+04
4.254400000000000000e+04
4.284400000000000000e+04
4.314400000000000000e+04
4.344400000000000000e+04
4.374400000000000000e+04
4.404400000000000000e+04
4.434400000000000000e+04
4.464400000000000000e+04
4.494400000000000000e+04
4.524400000000000000e+04
4.554400000000000000e+04
4.584400000000000000e+04
4.614400000000000000e+04
4.644400000000000000e+04
4.674400000000000000e+04
4.704400000000000000e+04
4.734400000000000000e+04
4.764400000000000000e+04
4.794400000000000000e+04
4.824400000000000000e+04
4.854400000000000000e+04
4.884400000000000000e+04
4.914400000000000000e+04
4.944400000000000000e+04
4.974400000000000000e+04
5.004400000000000000e+04
5.034400000000000000e+04
5.064400000000000000e+04
5.094400000000000000e+04
5.124400000000000000e+04
5.154400000000000000e+04
5.184400000000000000e+04
5.214400000000000000e+04
5.244400000000000000e+04
5.274400000000000000e+04
5.304400000000000000e+04
5.334400000000000000e+04
5.346600000000000000e+04
5.376600000000000000e+04
5.406600000000000000e+04
5.436600000000000000e+04
5.466600000000000000e+04
5.496600000000000000e+04
5.526600000000000000e+04
5.556600000000000000e+04
5.586600000000000000e+04
5.616600000000000000e+04
5.646600000000000000e+04
5.676600000000000000e+04
5.706600000000000000e+04
5.736600000000000000e+04
5.766600000000000000e+04
5.796600000000000000e+04
5.826600000000000000e+04
5.856600000000000000e+04
5.886600000000000000e+04
5.916600000000000000e+04
5.946600000000000000e+04
5.976600000000000000e+04
6.006600000000000000e+04
6.036600000000000000e+04
6.066600000000000000e+04
6.096600000000000000e+04
6.126600000000000000e+04
6.156600000000000000e+04
6.186600000000000000e+04
6.216600000000000000e+04
6.246600000000000000e+04
6.276600000000000000e+04
6.306600000000000000e+04
6.336600000000000000e+04
6.366600000000000000e+04
6.396600000000000000e+04
6.426600000000000000e+04
6.456600000000000000e+04
6.486600000000000000e+04
6.516600000000000000e+04
6.546600000000000000e+04
6.576600000000000000e+04
6.606600000000000000e+04
6.636600000000000000e+04
6.666600000000000000e+04
6.696600000000000000e+04
6.726600000000000000e+04
6.756600000000000000e+04
6.786600000000000000e+04
6.816600000000000000e+04
6.846600000000000000e+04
6.876600000000000000e+04
6.906600000000000000e+04
6.936600000000000000e+04
6.966600000000000000e+04
6.996600000000000000e+04
7.026600000000000000e+04
7.056600000000000000e+04
7.086600000000000000e+04
7.116600000000000000e+04
7.128800000000000000e+04
7.158800000000000000e+04
7.188800000000000000e+04
7.218800000000000000e+04
7.248800000000000000e+04
7.278800000000000000e+04
7.308800000000000000e+04
7.338800000000000000e+04
7.368800000000000000e+04
7.398800000000000000e+04
7.428800000000000000e+04
7.458800000000000000e+04
7.488800000000000000e+04
7.518800000000000000e+04
7.548800000000000000e+04
7.578800000000000000e+04
7.608800000000000000e+04
7.638800000000000000e+04
7.668800000000000000e+04
7.698800000000000000e+04
7.728800000000000000e+04
7.758800000000000000e+04
7.788800000000000000e+04
7.818800000000000000e+04
7.848800000000000000e+04
7.878800000000000000e+04
7.908800000000000000e+04
7.938800000000000000e+04
7.968800000000000000e+04
7.998800000000000000e+04
8.028800000000000000e+04
8.058800000000000000e+04
8.088800000000000000e+04
8.118800000000000000e+04
8.148800000000000000e+04
8.178800000000000000e+04
8.208800000000000000e+04
8.238800000000000000e+04
8.268800000000000000e+04
8.298800000000000000e+04
8.328800000000000000e+04
8.358800000000000000e+04
8.388800000000000000e+04
8.418800000000000000e+04
8.448800000000000000e+04
8.478800000000000000e+04
8.508800000000000000e+04
8.538800000000000000e+04
8.568800000000000000e+04
8.598800000000000000e+04
8.628800000000000000e+04
8.658800000000000000e+04
8.688800000000000000e+04
8.718800000000000000e+04
8.748800000000000000e+04
8.778800000000000000e+04
8.808800000000000000e+04
8.838800000000000000e+04
8.868800000000000000e+04
8.898800000000000000e+04
8.911000000000000000e+04
8.941000000000000000e+04
8.971000000000000000e+04
9.001000000000000000e+04
9.031000000000000000e+04
9.061000000000000000e+04
9.091000000000000000e+04
9.121000000000000000e+04
9.151000000000000000e+04
9.181000000000000000e+04
9.211000000000000000e+04
9.241000000000000000e+04
9.271000000000000000e+04
9.301000000000000000e+04
9.331000000000000000e+04
9.361000000000000000e+04
9.391000000000000000e+04
9.421000000000000000e+04
9.451000000000000000e+04
9.481000000000000000e+04
9.511000000000000000e+04
9.541000000000000000e+04
9.571000000000000000e+04
9.601000000000000000e+04
9.631000000000000000e+04
9.661000000000000000e+04
9.691000000000000000e+04
9.721000000000000000e+04
9.751000000000000000e+04
9.781000000000000000e+04
9.811000000000000000e+04
9.841000000000000000e+04
9.871000000000000000e+04
9.901000000000000000e+04
9.931000000000000000e+04
9.961000000000000000e+04
9.991000000000000000e+04
1.002100000000000000e+05
1.005100000000000000e+05
1.008100000000000000e+05
1.011100000000000000e+05
1.014100000000000000e+05
1.017100000000000000e+05
1.020100000000000000e+05
1.023100000000000000e+05
1.026100000000000000e+05
1.029100000000000000e+05
1.032100000000000000e+05
1.035100000000000000e+05
1.038100000000000000e+05
1.041100000000000000e+05
1.044100000000000000e+05
1.047100000000000000e+05
1.050100000000000000e+05
1.053100000000000000e+05
1.056100000000000000e+05
1.059100000000000000e+05
1.062100000000000000e+05
1.065100000000000000e+05
1.068100000000000000e+05
1.069320000000000000e+05
1.072320000000000000e+05
1.075320000000000000e+05
1.078320000000000000e+05
1.081320000000000000e+05
1.084320000000000000e+05
1.087320000000000000e+05
1.090320000000000000e+05
1.093320000000000000e+05
1.096320000000000000e+05
1.099320000000000000e+05
1.102320000000000000e+05
1.105320000000000000e+05
1.108320000000000000e+05
1.111320000000000000e+05
1.114320000000000000e+05
1.117320000000000000e+05
1.120320000000000000e+05
1.123320000000000000e+05
1.126320000000000000e+05
1.129320000000000000e+05
1.132320000000000000e+05
1.135320000000000000e+05
1.138320000000000000e+05
1.141320000000000000e+05
1.144320000000000000e+05
1.147320000000000000e+05
1.150320000000000000e+05
1.153320000000000000e+05
1.156320000000000000e+05
1.159320000000000000e+05
1.162320000000000000e+05
1.165320000000000000e+05
1.168320000000000000e+05
1.171320000000000000e+05
1.174320000000000000e+05
1.177320000000000000e+05
1.180320000000000000e+05
1.183320000000000000e+05
1.186320000000000000e+05
1.189320000000000000e+05
1.192320000000000000e+05
1.195320000000000000e+05
1.198320000000000000e+05
1.201320000000000000e+05
1.204320000000000000e+05
1.207320000000000000e+05
1.210320000000000000e+05
1.213320000000000000e+05
1.216320000000000000e+05
1.219320000000000000e+05
1.222320000000000000e+05
1.225320000000000000e+05
1.228320000000000000e+05
1.231320000000000000e+05
1.234320000000000000e+05
1.237320000000000000e+05
1.240320000000000000e+05
1.243320000000000000e+05
1.246320000000000000e+05
1.247540000000000000e+05
1.250540000000000000e+05
1.253540000000000000e+05
1.256540000000000000e+05
1.259540000000000000e+05
1.262540000000000000e+05
1.265540000000000000e+05
1.268540000000000000e+05
1.271540000000000000e+05
1.274540000000000000e+05
1.277540000000000000e+05
1.280540000000000000e+05
1.283540000000000000e+05
1.286540000000000000e+05
1.289540000000000000e+05
1.292540000000000000e+05
1.295540000000000000e+05
1.298540000000000000e+05
1.301540000000000000e+05
1.304540000000000000e+05
1.307540000000000000e+05
1.310540000000000000e+05
1.313540000000000000e+05
1.316540000000000000e+05
1.319540000000000000e+05
1.322540000000000000e+05
1.325540000000000000e+05
1.328540000000000000e+05
1.331540000000000000e+05
1.334540000000000000e+05
1.337540000000000000e+05
1.340540000000000000e+05
1.343540000000000000e+05
1.346540000000000000e+05
1.349540000000000000e+05
1.352540000000000000e+05
1.355540000000000000e+05
1.358540000000000000e+05
1.361540000000000000e+05
1.364540000000000000e+05
1.367540000000000000e+05
1.370540000000000000e+05
1.373540000000000000e+05
1.376540000000000000e+05
1.379540000000000000e+05
1.382540000000000000e+05
1.385540000000000000e+05
1.388540000000000000e+05
1.391540000000000000e+05
1.394540000000000000e+05
1.397540000000000000e+05
1.400540000000000000e+05
1.403540000000000000e+05
1.406540000000000000e+05
1.409540000000000000e+05
1.412540000000000000e+05
1.415540000000000000e+05
1.418540000000000000e+05
1.421540000000000000e+05
1.424540000000000000e+05
1.425760000000000000e+05
1.428760000000000000e+05
1.431760000000000000e+05
1.434760000000000000e+05
1.437760000000000000e+05
1.440760000000000000e+05
1.443760000000000000e+05
1.446760000000000000e+05
1.449760000000000000e+05
1.452760000000000000e+05
1.455760000000000000e+05
1.458760000000000000e+05
1.461760000000000000e+05
1.464760000000000000e+05
1.467760000000000000e+05
1.470760000000000000e+05
1.473760000000000000e+05
1.476760000000000000e+05
1.479760000000000000e+05
1.482760000000000000e+05
1.485760000000000000e+05
1.488760000000000000e+05
1.491760000000000000e+05
1.494760000000000000e+05
1.497760000000000000e+05
1.500760000000000000e+05
1.503760000000000000e+05
1.506760000000000000e+05
1.509760000000000000e+05
1.512760000000000000e+05
1.515760000000000000e+05
1.518760000000000000e+05
1.521760000000000000e+05
1.524760000000000000e+05
1.527760000000000000e+05
1.530760000000000000e+05
1.533760000000000000e+05
1.536760000000000000e+05
1.539760000000000000e+05
1.542760000000000000e+05
1.545760000000000000e+05
1.548760000000000000e+05
1.551760000000000000e+05
1.554760000000000000e+05
1.557760000000000000e+05
1.560760000000000000e+05
1.563760000000000000e+05
1.566760000000000000e+05
1.569760000000000000e+05
1.572760000000000000e+05
1.575760000000000000e+05
1.578760000000000000e+05
1.581760000000000000e+05
1.584760000000000000e+05
1.587760000000000000e+05
1.590760000000000000e+05
1.593760000000000000e+05
1.596760000000000000e+05
1.599760000000000000e+05
1.602760000000000000e+05
1.603980000000000000e+05
1.606980000000000000e+05
1.609980000000000000e+05
1.612980000000000000e+05
1.615980000000000000e+05
1.618980000000000000e+05
1.621980000000000000e+05
1.624980000000000000e+05
1.627980000000000000e+05
1.630980000000000000e+05
1.633980000000000000e+05
1.636980000000000000e+05
1.639980000000000000e+05
1.642980000000000000e+05
1.645980000000000000e+05
1.648980000000000000e+05
1.651980000000000000e+05
1.654980000000000000e+05
1.657980000000000000e+05
1.660980000000000000e+05
1.663980000000000000e+05
1.666980000000000000e+05
1.669980000000000000e+05
1.672980000000000000e+05
1.675980000000000000e+05
1.678980000000000000e+05
1.681980000000000000e+05
1.684980000000000000e+05
1.687980000000000000e+05
1.690980000000000000e+05
1.693980000000000000e+05
1.696980000000000000e+05
1.699980000000000000e+05
1.702980000000000000e+05
1.705980000000000000e+05
1.708980000000000000e+05
1.711980000000000000e+05
1.714980000000000000e+05
1.717980000000000000e+05
1.720980000000000000e+05
1.723980000000000000e+05
1.726980000000000000e+05
1.729980000000000000e+05
1.732980000000000000e+05
1.735980000000000000e+05
1.738980000000000000e+05
1.741980000000000000e+05
1.744980000000000000e+05
1.747980000000000000e+05
1.750980000000000000e+05
1.753980000000000000e+05
1.756980000000000000e+05
1.759980000000000000e+05
1.762980000000000000e+05
1.765980000000000000e+05
1.768980000000000000e+05
1.771980000000000000e+05
1.774980000000000000e+05
1.777980000000000000e+05
1.780980000000000000e+05
1.782200000000000000e+05
1.785200000000000000e+05
1.788200000000000000e+05
1.791200000000000000e+05
1.794200000000000000e+05
1.797200000000000000e+05
1.800200000000000000e+05
1.803200000000000000e+05
1.806200000000000000e+05
1.809200000000000000e+05
1.812200000000000000e+05
1.815200000000000000e+05
1.818200000000000000e+05
1.821200000000000000e+05
1.824200000000000000e+05
1.827200000000000000e+05
1.830200000000000000e+05
1.833200000000000000e+05
1.836200000000000000e+05
1.839200000000000000e+05
1.842200000000000000e+05
1.845200000000000000e+05
1.848200000000000000e+05
1.851200000000000000e+05
1.854200000000000000e+05
1.857200000000000000e+05
1.860200000000000000e+05
1.863200000000000000e+05
1.866200000000000000e+05
1.869200000000000000e+05
1.872200000000000000e+05
1.875200000000000000e+05
1.878200000000000000e+05
1.881200000000000000e+05
1.884200000000000000e+05
1.887200000000000000e+05
1.890200000000000000e+05
1.893200000000000000e+05
1.896200000000000000e+05
1.899200000000000000e+05
1.902200000000000000e+05
1.905200000000000000e+05
1.908200000000000000e+05
1.911200000000000000e+05
1.914200000000000000e+05
1.917200000000000000e+05
1.920200000000000000e+05
1.923200000000000000e+05
1.926200000000000000e+05
1.929200000000000000e+05
1.932200000000000000e+05
1.935200000000000000e+05
1.938200000000000000e+05
1.941200000000000000e+05
1.944200000000000000e+05
1.947200000000000000e+05
1.950200000000000000e+05
1.953200000000000000e+05
1.956200000000000000e+05
1.959200000000000000e+05
1.960420000000000000e+05
1.963420000000000000e+05
1.966420000000000000e+05
1.969420000000000000e+05
1.972420000000000000e+05
1.975420000000000000e+05
1.978420000000000000e+05
1.981420000000000000e+05
1.984420000000000000e+05
1.987420000000000000e+05
1.990420000000000000e+05
1.993420000000000000e+05
1.996420000000000000e+05
1.999420000000000000e+05
2.002420000000000000e+05
2.005420000000000000e+05
2.008420000000000000e+05
2.011420000000000000e+05
2.014420000000000000e+05
2.017420000000000000e+05
2.020420000000000000e+05
2.023420000000000000e+05
2.026420000000000000e+05
2.029420000000000000e+05
2.032420000000000000e+05
2.035420000000000000e+05
2.038420000000000000e+05
2.041420000000000000e+05
2.044420000000000000e+05
2.047420000000000000e+05
2.050420000000000000e+05
2.053420000000000000e+05
2.056420000000000000e+05
2.059420000000000000e+05
2.062420000000000000e+05
2.065420000000000000e+05
2.068420000000000000e+05
2.071420000000000000e+05
2.074420000000000000e+05
2.077420000000000000e+05
2.080420000000000000e+05
2.083420000000000000e+05
2.086420000000000000e+05
2.089420000000000000e+05
2.092420000000000000e+05
2.095420000000000000e+05
2.098420000000000000e+05
2.101420000000000000e+05
2.104420000000000000e+05
2.107420000000000000e+05
2.110420000000000000e+05
2.113420000000000000e+05
2.116420000000000000e+05
2.119420000000000000e+05
2.122420000000000000e+05
2.125420000000000000e+05
2.128420000000000000e+05
2.131420000000000000e+05
2.134420000000000000e+05
2.137420000000000000e+05
2.138640000000000000e+05
2.141640000000000000e+05
2.144640000000000000e+05
2.147640000000000000e+05
2.150640000000000000e+05
2.153640000000000000e+05
2.156640000000000000e+05
2.159640000000000000e+05
2.162640000000000000e+05
2.165640000000000000e+05
2.168640000000000000e+05
2.171640000000000000e+05
2.174640000000000000e+05
2.177640000000000000e+05
2.180640000000000000e+05
2.183640000000000000e+05
2.186640000000000000e+05
2.189640000000000000e+05
2.192640000000000000e+05
2.195640000000000000e+05
2.198640000000000000e+05
2.201640000000000000e+05
2.204640000000000000e+05
2.207640000000000000e+05
2.210640000000000000e+05
2.213640000000000000e+05
2.216640000000000000e+05
2.219640000000000000e+05
2.222640000000000000e+05
2.225640000000000000e+05
2.228640000000000000e+05
2.231640000000000000e+05
2.234640000000000000e+05
2.237640000000000000e+05
2.240640000000000000e+05
2.243640000000000000e+05
2.246640000000000000e+05
2.249640000000000000e+05
2.252640000000000000e+05
2.255640000000000000e+05
2.258640000000000000e+05
2.261640000000000000e+05
2.264640000000000000e+05
2.267640000000000000e+05
2.270640000000000000e+05
2.273640000000000000e+05
2.276640000000000000e+05
2.279640000000000000e+05
2.282640000000000000e+05
2.285640000000000000e+05
2.288640000000000000e+05
2.291640000000000000e+05
2.294640000000000000e+05
2.297640000000000000e+05
2.300640000000000000e+05
2.303640000000000000e+05
2.306640000000000000e+05
2.309640000000000000e+05
2.312640000000000000e+05
2.315640000000000000e+05
2.316860000000000000e+05
2.319860000000000000e+05
2.322860000000000000e+05
2.325860000000000000e+05
2.328860000000000000e+05
2.331860000000000000e+05
2.334860000000000000e+05
2.337860000000000000e+05
2.340860000000000000e+05
2.343860000000000000e+05
2.346860000000000000e+05
2.349860000000000000e+05
2.352860000000000000e+05
2.355860000000000000e+05
2.358860000000000000e+05
2.361860000000000000e+05
2.364860000000000000e+05
2.367860000000000000e+05
2.370860000000000000e+05
2.373860000000000000e+05
2.376860000000000000e+05
2.379860000000000000e+05
2.382860000000000000e+05
2.385860000000000000e+05
2.388860000000000000e+05
2.391860000000000000e+05
2.394860000000000000e+05
2.397860000000000000e+05
2.400860000000000000e+05
2.403860000000000000e+05
2.406860000000000000e+05
2.409860000000000000e+05
2.412860000000000000e+05
2.415860000000000000e+05
2.418860000000000000e+05
2.421860000000000000e+05
2.424860000000000000e+05
2.427860000000000000e+05
2.430860000000000000e+05
2.433860000000000000e+05
2.436860000000000000e+05
2.439860000000000000e+05
2.442860000000000000e+05
2.445860000000000000e+05
2.448860000000000000e+05
2.451860000000000000e+05
2.454860000000000000e+05
2.457860000000000000e+05
2.460860000000000000e+05
2.463860000000000000e+05
2.466860000000000000e+05
2.469860000000000000e+05
2.472860000000000000e+05
2.475860000000000000e+05
2.478860000000000000e+05
2.481860000000000000e+05
2.484860000000000000e+05
2.487860000000000000e+05
2.490860000000000000e+05
2.493860000000000000e+05
2.495080000000000000e+05
2.498080000000000000e+05
2.501080000000000000e+05
2.504080000000000000e+05
2.507080000000000000e+05
2.510080000000000000e+05
2.513080000000000000e+05
2.516080000000000000e+05
2.519080000000000000e+05
2.522080000000000000e+05
2.525080000000000000e+05
2.528080000000000000e+05
2.531080000000000000e+05
2.534080000000000000e+05
2.537080000000000000e+05
2.540080000000000000e+05
2.543080000000000000e+05
2.546080000000000000e+05
2.549080000000000000e+05
2.552080000000000000e+05
2.555080000000000000e+05
2.558080000000000000e+05
2.561080000000000000e+05
2.564080000000000000e+05
2.567080000000000000e+05
2.570080000000000000e+05
2.573080000000000000e+05
2.576080000000000000e+05
2.579080000000000000e+05
2.582080000000000000e+05
2.585080000000000000e+05
2.588080000000000000e+05
2.591080000000000000e+05
2.594080000000000000e+05
2.597080000000000000e+05
2.600080000000000000e+05
2.603080000000000000e+05
2.606080000000000000e+05
2.609080000000000000e+05
2.612080000000000000e+05
2.615080000000000000e+05
2.618080000000000000e+05
2.621080000000000000e+05
2.624080000000000000e+05
2.627080000000000000e+05
2.630080000000000000e+05
2.633080000000000000e+05
2.636080000000000000e+05
2.639080000000000000e+05
2.642080000000000000e+05
2.645080000000000000e+05
2.648080000000000000e+05
2.651080000000000000e+05
2.654080000000000000e+05
2.657080000000000000e+05
2.660080000000000000e+05
2.663080000000000000e+05
2.666080000000000000e+05
2.669080000000000000e+05
2.672080000000000000e+05
2.673300000000000000e+05
2.676300000000000000e+05
2.679300000000000000e+05
2.682300000000000000e+05
2.685300000000000000e+05
2.688300000000000000e+05
2.691300000000000000e+05
2.694300000000000000e+05
2.697300000000000000e+05
2.700300000000000000e+05
2.703300000000000000e+05
2.706300000000000000e+05
2.709300000000000000e+05
2.712300000000000000e+05
2.715300000000000000e+05
2.718300000000000000e+05
2.721300000000000000e+05
2.724300000000000000e+05
2.727300000000000000e+05
2.730300000000000000e+05
2.733300000000000000e+05
2.736300000000000000e+05
2.739300000000000000e+05
2.742300000000000000e+05
2.745300000000000000e+05
2.748300000000000000e+05
2.751300000000000000e+05
2.754300000000000000e+05
2.757300000000000000e+05
2.760300000000000000e+05
2.763300000000000000e+05
2.766300000000000000e+05
2.769300000000000000e+05
2.772300000000000000e+05
2.775300000000000000e+05
2.778300000000000000e+05
2.781300000000000000e+05
2.784300000000000000e+05
2.787300000000000000e+05
2.790300000000000000e+05
2.793300000000000000e+05
2.796300000000000000e+05
2.799300000000000000e+05
2.802300000000000000e+05
2.805300000000000000e+05
2.808300000000000000e+05
2.811300000000000000e+05
2.814300000000000000e+05
2.817300000000000000e+05
2.820300000000000000e+05
2.823300000000000000e+05
2.826300000000000000e+05
2.829300000000000000e+05
2.832300000000000000e+05
2.835300000000000000e+05
2.838300000000000000e+05
2.841300000000000000e+05
2.844300000000000000e+05
2.847300000000000000e+05
2.850300000000000000e+05
2.851520000000000000e+05
2.854520000000000000e+05
2.857520000000000000e+05
2.860520000000000000e+05
2.863520000000000000e+05
2.866520000000000000e+05
2.869520000000000000e+05
2.872520000000000000e+05
2.875520000000000000e+05
2.878520000000000000e+05
2.881520000000000000e+05
2.884520000000000000e+05
2.887520000000000000e+05
2.890520000000000000e+05
2.893520000000000000e+05
2.896520000000000000e+05
2.899520000000000000e+05
2.902520000000000000e+05
2.905520000000000000e+05
2.908520000000000000e+05
2.911520000000000000e+05
2.914520000000000000e+05
2.917520000000000000e+05
2.920520000000000000e+05
2.923520000000000000e+05
2.926520000000000000e+05
2.929520000000000000e+05
2.932520000000000000e+05
2.935520000000000000e+05
2.938520000000000000e+05
2.941520000000000000e+05
2.944520000000000000e+05
2.947520000000000000e+05
2.950520000000000000e+05
2.953520000000000000e+05
2.956520000000000000e+05
2.959520000000000000e+05
2.962520000000000000e+05
2.965520000000000000e+05
2.968520000000000000e+05
2.971520000000000000e+05
2.974520000000000000e+05
2.977520000000000000e+05
2.980520000000000000e+05
2.983520000000000000e+05
2.986520000000000000e+05
2.989520000000000000e+05
2.992520000000000000e+05
2.995520000000000000e+05
2.998520000000000000e+05
3.001520000000000000e+05
3.004520000000000000e+05
3.007520000000000000e+05
3.010520000000000000e+05
3.013520000000000000e+05
3.016520000000000000e+05
3.019520000000000000e+05
3.022520000000000000e+05
3.025520000000000000e+05
3.028520000000000000e+05
3.029740000000000000e+05
3.032740000000000000e+05
3.035740000000000000e+05
3.038740000000000000e+05
3.041740000000000000e+05
3.044740000000000000e+05
3.047740000000000000e+05
3.050740000000000000e+05
3.053740000000000000e+05
3.056740000000000000e+05
3.059740000000000000e+05
3.062740000000000000e+05
3.065740000000000000e+05
3.068740000000000000e+05
3.071740000000000000e+05
3.074740000000000000e+05
3.077740000000000000e+05
3.080740000000000000e+05
3.083740000000000000e+05
3.086740000000000000e+05
3.089740000000000000e+05
3.092740000000000000e+05
3.095740000000000000e+05
3.098740000000000000e+05
3.101740000000000000e+05
3.104740000000000000e+05
3.107740000000000000e+05
3.110740000000000000e+05
3.113740000000000000e+05
3.116740000000000000e+05
3.119740000000000000e+05
3.122740000000000000e+05
3.125740000000000000e+05
3.128740000000000000e+05
3.131740000000000000e+05
3.134740000000000000e+05
3.137740000000000000e+05
3.140740000000000000e+05
3.143740000000000000e+05
3.146740000000000000e+05
3.149740000000000000e+05
3.152740000000000000e+05
3.155740000000000000e+05
3.158740000000000000e+05
3.161740000000000000e+05
3.164740000000000000e+05
3.167740000000000000e+05
3.170740000000000000e+05
3.173740000000000000e+05
3.176740000000000000e+05
3.179740000000000000e+05
3.182740000000000000e+05
3.185740000000000000e+05
3.188740000000000000e+05
3.191740000000000000e+05
3.194740000000000000e+05
3.197740000000000000e+05
3.200740000000000000e+05
3.203740000000000000e+05
3.206740000000000000e+05
3.207960000000000000e+05
3.210960000000000000e+05
3.213960000000000000e+05
3.216960000000000000e+05
3.219960000000000000e+05
3.222960000000000000e+05
3.225960000000000000e+05
3.228960000000000000e+05
3.231960000000000000e+05
3.234960000000000000e+05
3.237960000000000000e+05
3.240960000000000000e+05
3.243960000000000000e+05
3.246960000000000000e+05
3.249960000000000000e+05
3.252960000000000000e+05
3.255960000000000000e+05
3.258960000000000000e+05
3.261960000000000000e+05
3.264960000000000000e+05
3.267960000000000000e+05
3.270960000000000000e+05
3.273960000000000000e+05
3.276960000000000000e+05
3.279960000000000000e+05
3.282960000000000000e+05
3.285960000000000000e+05
3.288960000000000000e+05
3.291960000000000000e+05
3.294960000000000000e+05
3.297960000000000000e+05
3.300960000000000000e+05
3.303960000000000000e+05
3.306960000000000000e+05
3.309960000000000000e+05
3.312960000000000000e+05
3.315960000000000000e+05
3.318960000000000000e+05
3.321960000000000000e+05
3.324960000000000000e+05
3.327960000000000000e+05
3.330960000000000000e+05
3.333960000000000000e+05
3.336960000000000000e+05
3.339960000000000000e+05
3.342960000000000000e+05
3.345960000000000000e+05
3.348960000000000000e+05
3.351960000000000000e+05
3.354960000000000000e+05
3.357960000000000000e+05
3.360960000000000000e+05
3.363960000000000000e+05
3.366960000000000000e+05
3.369960000000000000e+05
3.372960000000000000e+05
3.375960000000000000e+05
3.378960000000000000e+05
3.381960000000000000e+05
3.384960000000000000e+05
3.386180000000000000e+05
3.389180000000000000e+05
3.392180000000000000e+05
3.395180000000000000e+05
3.398180000000000000e+05
3.401180000000000000e+05
3.404180000000000000e+05
3.407180000000000000e+05
3.410180000000000000e+05
3.413180000000000000e+05
3.416180000000000000e+05
3.419180000000000000e+05
3.422180000000000000e+05
3.425180000000000000e+05
3.428180000000000000e+05
3.431180000000000000e+05
3.434180000000000000e+05
3.437180000000000000e+05
3.440180000000000000e+05
3.443180000000000000e+05
3.446180000000000000e+05
3.449180000000000000e+05
3.452180000000000000e+05
3.455180000000000000e+05
3.458180000000000000e+05
3.461180000000000000e+05
3.464180000000000000e+05
3.467180000000000000e+05
3.470180000000000000e+05
3.473180000000000000e+05
3.476180000000000000e+05
3.479180000000000000e+05
3.482180000000000000e+05
3.485180000000000000e+05
3.488180000000000000e+05
3.491180000000000000e+05
3.494180000000000000e+05
3.497180000000000000e+05
3.500180000000000000e+05
3.503180000000000000e+05
3.506180000000000000e+05
3.509180000000000000e+05
3.512180000000000000e+05
3.515180000000000000e+05
3.518180000000000000e+05
3.521180000000000000e+05
3.524180000000000000e+05
3.527180000000000000e+05
3.530180000000000000e+05
3.533180000000000000e+05
3.536180000000000000e+05
3.539180000000000000e+05
3.542180000000000000e+05
3.545180000000000000e+05
3.548180000000000000e+05
3.551180000000000000e+05
3.554180000000000000e+05
3.557180000000000000e+05
3.560180000000000000e+05
3.563180000000000000e+05
3.564400000000000000e+05
3.567400000000000000e+05
3.570400000000000000e+05
3.573400000000000000e+05
3.576400000000000000e+05
3.579400000000000000e+05
3.582400000000000000e+05
3.585400000000000000e+05
3.588400000000000000e+05
3.591400000000000000e+05
3.594400000000000000e+05
3.597400000000000000e+05
3.600400000000000000e+05
3.603400000000000000e+05
3.606400000000000000e+05
3.609400000000000000e+05
3.612400000000000000e+05
3.615400000000000000e+05
3.618400000000000000e+05
3.621400000000000000e+05
3.624400000000000000e+05
3.627400000000000000e+05
3.630400000000000000e+05
3.633400000000000000e+05
3.636400000000000000e+05
3.639400000000000000e+05
3.642400000000000000e+05
3.645400000000000000e+05
3.648400000000000000e+05
3.651400000000000000e+05
3.654400000000000000e+05
3.657400000000000000e+05
3.660400000000000000e+05
3.663400000000000000e+05
3.666400000000000000e+05
3.669400000000000000e+05
3.672400000000000000e+05
3.675400000000000000e+05
3.678400000000000000e+05
3.681400000000000000e+05
3.684400000000000000e+05
3.687400000000000000e+05
3.690400000000000000e+05
3.693400000000000000e+05
3.696400000000000000e+05
3.699400000000000000e+05
3.702400000000000000e+05
3.705400000000000000e+05
3.708400000000000000e+05
3.711400000000000000e+05
3.714400000000000000e+05
3.717400000000000000e+05
3.720400000000000000e+05
3.723400000000000000e+05
3.726400000000000000e+05
3.729400000000000000e+05
3.732400000000000000e+05
3.735400000000000000e+05
3.738400000000000000e+05
3.741400000000000000e+05
3.742620000000000000e+05
3.745620000000000000e+05
3.748620000000000000e+05
3.751620000000000000e+05
3.754620000000000000e+05
3.757620000000000000e+05
3.760620000000000000e+05
3.763620000000000000e+05
3.766620000000000000e+05
3.769620000000000000e+05
3.772620000000000000e+05
3.775620000000000000e+05
3.778620000000000000e+05
3.781620000000000000e+05
3.784620000000000000e+05
3.787620000000000000e+05
3.790620000000000000e+05
3.793620000000000000e+05
3.796620000000000000e+05
3.799620000000000000e+05
3.802620000000000000e+05
3.805620000000000000e+05
3.808620000000000000e+05
3.811620000000000000e+05
3.814620000000000000e+05
3.817620000000000000e+05
3.820620000000000000e+05
3.823620000000000000e+05
3.826620000000000000e+05
3.829620000000000000e+05
3.832620000000000000e+05
3.835620000000000000e+05
3.838620000000000000e+05
3.841620000000000000e+05
3.844620000000000000e+05
3.847620000000000000e+05
3.850620000000000000e+05
3.853620000000000000e+05
3.856620000000000000e+05
3.859620000000000000e+05
3.862620000000000000e+05
3.865620000000000000e+05
3.868620000000000000e+05
3.871620000000000000e+05
3.874620000000000000e+05
3.877620000000000000e+05
3.880620000000000000e+05
3.883620000000000000e+05
3.886620000000000000e+05
3.889620000000000000e+05
3.892620000000000000e+05
3.895620000000000000e+05
3.898620000000000000e+05
3.901620000000000000e+05
3.904620000000000000e+05
3.907620000000000000e+05
3.910620000000000000e+05
3.913620000000000000e+05
3.916620000000000000e+05
3.919620000000000000e+05
3.920840000000000000e+05
3.923840000000000000e+05
3.926840000000000000e+05
3.929840000000000000e+05
3.932840000000000000e+05
3.935840000000000000e+05
3.938840000000000000e+05
3.941840000000000000e+05
3.944840000000000000e+05
3.947840000000000000e+05
3.950840000000000000e+05
3.953840000000000000e+05
3.956840000000000000e+05
3.959840000000000000e+05
3.962840000000000000e+05
3.965840000000000000e+05
3.968840000000000000e+05
3.971840000000000000e+05
3.974840000000000000e+05
3.977840000000000000e+05
3.980840000000000000e+05
3.983840000000000000e+05
3.986840000000000000e+05
3.989840000000000000e+05
3.992840000000000000e+05
3.995840000000000000e+05
3.998840000000000000e+05
4.001840000000000000e+05
4.004840000000000000e+05
4.007840000000000000e+05
4.010840000000000000e+05
4.013840000000000000e+05
4.016840000000000000e+05
4.019840000000000000e+05
4.022840000000000000e+05
4.025840000000000000e+05
4.028840000000000000e+05
4.031840000000000000e+05
4.034840000000000000e+05
4.037840000000000000e+05
4.040840000000000000e+05
4.043840000000000000e+05
4.046840000000000000e+05
4.049840000000000000e+05
4.052840000000000000e+05
4.055840000000000000e+05
4.058840000000000000e+05
4.061840000000000000e+05
4.064840000000000000e+05
4.067840000000000000e+05
4.070840000000000000e+05
4.073840000000000000e+05
4.076840000000000000e+05
4.079840000000000000e+05
4.082840000000000000e+05
4.085840000000000000e+05
4.088840000000000000e+05
4.091840000000000000e+05
4.094840000000000000e+05
4.097840000000000000e+05
4.099060000000000000e+05
4.102060000000000000e+05
4.105060000000000000e+05
4.108060000000000000e+05
4.111060000000000000e+05
4.114060000000000000e+05
4.117060000000000000e+05
4.120060000000000000e+05
4.123060000000000000e+05
4.126060000000000000e+05
4.129060000000000000e+05
4.132060000000000000e+05
4.135060000000000000e+05
4.138060000000000000e+05
4.141060000000000000e+05
4.144060000000000000e+05
4.147060000000000000e+05
4.150060000000000000e+05
4.153060000000000000e+05
4.156060000000000000e+05
4.159060000000000000e+05
4.162060000000000000e+05
4.165060000000000000e+05
4.168060000000000000e+05
4.171060000000000000e+05
4.174060000000000000e+05
4.177060000000000000e+05
4.180060000000000000e+05
4.183060000000000000e+05
4.186060000000000000e+05
4.189060000000000000e+05
4.192060000000000000e+05
4.195060000000000000e+05
4.198060000000000000e+05
4.201060000000000000e+05
4.204060000000000000e+05
4.207060000000000000e+05
4.210060000000000000e+05
4.213060000000000000e+05
4.216060000000000000e+05
4.219060000000000000e+05
4.222060000000000000e+05
4.225060000000000000e+05
4.228060000000000000e+05
4.231060000000000000e+05
4.234060000000000000e+05
4.237060000000000000e+05
4.240060000000000000e+05
4.243060000000000000e+05
4.246060000000000000e+05
4.249060000000000000e+05
4.252060000000000000e+05
4.255060000000000000e+05
4.258060000000000000e+05
4.261060000000000000e+05
4.264060000000000000e+05
4.267060000000000000e+05
4.270060000000000000e+05
4.273060000000000000e+05
4.276060000000000000e+05
4.277280000000000000e+05
4.280280000000000000e+05
4.283280000000000000e+05
4.286280000000000000e+05
4.289280000000000000e+05
4.292280000000000000e+05
4.295280000000000000e+05
4.298280000000000000e+05
4.301280000000000000e+05
4.304280000000000000e+05
4.307280000000000000e+05
4.310280000000000000e+05
4.313280000000000000e+05
4.316280000000000000e+05
4.319280000000000000e+05
4.322280000000000000e+05
4.325280000000000000e+05
4.328280000000000000e+05
4.331280000000000000e+05
4.334280000000000000e+05
4.337280000000000000e+05
4.340280000000000000e+05
4.343280000000000000e+05
4.346280000000000000e+05
4.349280000000000000e+05
4.352280000000000000e+05
4.355280000000000000e+05
4.358280000000000000e+05
4.361280000000000000e+05
4.364280000000000000e+05
4.367280000000000000e+05
4.370280000000000000e+05
4.373280000000000000e+05
4.376280000000000000e+05
4.379280000000000000e+05
4.382280000000000000e+05
4.385280000000000000e+05
4.388280000000000000e+05
4.391280000000000000e+05
4.394280000000000000e+05
4.397280000000000000e+05
4.400280000000000000e+05
4.403280000000000000e+05
4.406280000000000000e+05
4.409280000000000000e+05
4.412280000000000000e+05
4.415280000000000000e+05
4.418280000000000000e+05
4.421280000000000000e+05
4.424280000000000000e+05
4.427280000000000000e+05
4.430280000000000000e+05
4.433280000000000000e+05
4.436280000000000000e+05
4.439280000000000000e+05
4.442280000000000000e+05
4.445280000000000000e+05
4.448280000000000000e+05
4.451280000000000000e+05
4.454280000000000000e+05
4.455500000000000000e+05
4.458500000000000000e+05
4.461500000000000000e+05
4.464500000000000000e+05
4.467500000000000000e+05
4.470500000000000000e+05
4.473500000000000000e+05
4.476500000000000000e+05
4.479500000000000000e+05
4.482500000000000000e+05
4.485500000000000000e+05
4.488500000000000000e+05
4.491500000000000000e+05
4.494500000000000000e+05
4.497500000000000000e+05
4.500500000000000000e+05
4.503500000000000000e+05
4.506500000000000000e+05
4.509500000000000000e+05
4.512500000000000000e+05
4.515500000000000000e+05
4.518500000000000000e+05
4.521500000000000000e+05
4.524500000000000000e+05
4.527500000000000000e+05
4.530500000000000000e+05
4.533500000000000000e+05
4.536500000000000000e+05
4.539500000000000000e+05
4.542500000000000000e+05
4.545500000000000000e+05
4.548500000000000000e+05
4.551500000000000000e+05
4.554500000000000000e+05
4.557500000000000000e+05
4.560500000000000000e+05
4.563500000000000000e+05
4.566500000000000000e+05
4.569500000000000000e+05
4.572500000000000000e+05
4.575500000000000000e+05
4.578500000000000000e+05
4.581500000000000000e+05
4.584500000000000000e+05
4.587500000000000000e+05
4.590500000000000000e+05
4.593500000000000000e+05
4.596500000000000000e+05
4.599500000000000000e+05
4.602500000000000000e+05
4.605500000000000000e+05
4.608500000000000000e+05
4.611500000000000000e+05
4.614500000000000000e+05
4.617500000000000000e+05
4.620500000000000000e+05
4.623500000000000000e+05
4.626500000000000000e+05
4.629500000000000000e+05
4.632500000000000000e+05
4.633720000000000000e+05
4.636720000000000000e+05
4.639720000000000000e+05
4.642720000000000000e+05
4.645720000000000000e+05
4.648720000000000000e+05
4.651720000000000000e+05
4.654720000000000000e+05
4.657720000000000000e+05
4.660720000000000000e+05
4.663720000000000000e+05
4.666720000000000000e+05
4.669720000000000000e+05
4.672720000000000000e+05
4.675720000000000000e+05
4.678720000000000000e+05
4.681720000000000000e+05
4.684720000000000000e+05
4.687720000000000000e+05
4.690720000000000000e+05
4.693720000000000000e+05
4.696720000000000000e+05
4.699720000000000000e+05
4.702720000000000000e+05
4.705720000000000000e+05
4.708720000000000000e+05
4.711720000000000000e+05
4.714720000000000000e+05
4.717720000000000000e+05
4.720720000000000000e+05
4.723720000000000000e+05
4.726720000000000000e+05
4.729720000000000000e+05
4.732720000000000000e+05
4.735720000000000000e+05
4.738720000000000000e+05
4.741720000000000000e+05
4.744720000000000000e+05
4.747720000000000000e+05
4.750720000000000000e+05
4.753720000000000000e+05
4.756720000000000000e+05
4.759720000000000000e+05
4.762720000000000000e+05
4.765720000000000000e+05
4.768720000000000000e+05
4.771720000000000000e+05
4.774720000000000000e+05
4.777720000000000000e+05
4.780720000000000000e+05
4.783720000000000000e+05
4.786720000000000000e+05
4.789720000000000000e+05
4.792720000000000000e+05
4.795720000000000000e+05
4.798720000000000000e+05
4.801720000000000000e+05
4.804720000000000000e+05
4.807720000000000000e+05
4.810720000000000000e+05
4.811940000000000000e+05
4.814940000000000000e+05
4.817940000000000000e+05
4.820940000000000000e+05
4.823940000000000000e+05
4.826940000000000000e+05
4.829940000000000000e+05
4.832940000000000000e+05
4.835940000000000000e+05
4.838940000000000000e+05
4.841940000000000000e+05
4.844940000000000000e+05
4.847940000000000000e+05
4.850940000000000000e+05
4.853940000000000000e+05
4.856940000000000000e+05
4.859940000000000000e+05
4.862940000000000000e+05
4.865940000000000000e+05
4.868940000000000000e+05
4.871940000000000000e+05
4.874940000000000000e+05
4.877940000000000000e+05
4.880940000000000000e+05
4.883940000000000000e+05
4.886940000000000000e+05
4.889940000000000000e+05
4.892940000000000000e+05
4.895940000000000000e+05
4.898940000000000000e+05
4.901940000000000000e+05
4.904940000000000000e+05
4.907940000000000000e+05
4.910940000000000000e+05
4.913940000000000000e+05
4.916940000000000000e+05
4.919940000000000000e+05
4.922940000000000000e+05
4.925940000000000000e+05
4.928940000000000000e+05
4.931940000000000000e+05
4.934940000000000000e+05
4.937940000000000000e+05
4.940940000000000000e+05
4.943940000000000000e+05
4.946940000000000000e+05
4.949940000000000000e+05
4.952940000000000000e+05
4.955940000000000000e+05
4.958940000000000000e+05
4.961940000000000000e+05
4.964940000000000000e+05
4.967940000000000000e+05
4.970940000000000000e+05
4.973940000000000000e+05
4.976940000000000000e+05
4.979940000000000000e+05
4.982940000000000000e+05
4.985940000000000000e+05
4.988940000000000000e+05
4.990160000000000000e+05
4.993160000000000000e+05
4.996160000000000000e+05
4.999160000000000000e+05
5.002160000000000000e+05
5.005160000000000000e+05
5.008160000000000000e+05
5.011160000000000000e+05
5.014160000000000000e+05
5.017160000000000000e+05
5.020160000000000000e+05
5.023160000000000000e+05
5.026160000000000000e+05
5.029160000000000000e+05
5.032160000000000000e+05
5.035160000000000000e+05
5.038160000000000000e+05
5.041160000000000000e+05
5.044160000000000000e+05
5.047160000000000000e+05
5.050160000000000000e+05
5.053160000000000000e+05
5.056160000000000000e+05
5.059160000000000000e+05
5.062160000000000000e+05
5.065160000000000000e+05
5.068160000000000000e+05
5.071160000000000000e+05
5.074160000000000000e+05
5.077160000000000000e+05
5.080160000000000000e+05
5.083160000000000000e+05
5.086160000000000000e+05
5.089160000000000000e+05
5.092160000000000000e+05
5.095160000000000000e+05
5.098160000000000000e+05
5.101160000000000000e+05
5.104160000000000000e+05
5.107160000000000000e+05
5.110160000000000000e+05
5.113160000000000000e+05
5.116160000000000000e+05
5.119160000000000000e+05
5.122160000000000000e+05
5.125160000000000000e+05
5.128160000000000000e+05
5.131160000000000000e+05
5.134160000000000000e+05
5.137160000000000000e+05
5.140160000000000000e+05
5.143160000000000000e+05
5.146160000000000000e+05
5.149160000000000000e+05
5.152160000000000000e+05
5.155160000000000000e+05
5.158160000000000000e+05
5.161160000000000000e+05
5.164160000000000000e+05
5.167160000000000000e+05
5.168380000000000000e+05
5.171380000000000000e+05
5.174380000000000000e+05
5.177380000000000000e+05
5.180380000000000000e+05
5.183380000000000000e+05
5.186380000000000000e+05
5.189380000000000000e+05
5.192380000000000000e+05
5.195380000000000000e+05
5.198380000000000000e+05
5.201380000000000000e+05
5.204380000000000000e+05
5.207380000000000000e+05
5.210380000000000000e+05
5.213380000000000000e+05
5.216380000000000000e+05
5.219380000000000000e+05
5.222380000000000000e+05
5.225380000000000000e+05
5.228380000000000000e+05
5.231380000000000000e+05
5.234380000000000000e+05
5.237380000000000000e+05
5.240380000000000000e+05
5.243380000000000000e+05
5.246380000000000000e+05
5.249380000000000000e+05
5.252380000000000000e+05
5.255380000000000000e+05
5.258380000000000000e+05
5.261380000000000000e+05
5.264380000000000000e+05
5.267380000000000000e+05
5.270380000000000000e+05
5.273380000000000000e+05
5.276380000000000000e+05
5.279380000000000000e+05
5.282380000000000000e+05
5.285380000000000000e+05
5.288380000000000000e+05
5.291380000000000000e+05
5.294380000000000000e+05
5.297380000000000000e+05
5.300380000000000000e+05
5.303380000000000000e+05
5.306380000000000000e+05
5.309380000000000000e+05
5.312380000000000000e+05
5.315380000000000000e+05
5.318380000000000000e+05
5.321380000000000000e+05
5.324380000000000000e+05
5.327380000000000000e+05
5.330380000000000000e+05
5.333380000000000000e+05
5.336380000000000000e+05
5.339380000000000000e+05
5.342380000000000000e+05
5.345380000000000000e+05
5.346600000000000000e+05
5.349600000000000000e+05
5.352600000000000000e+05
5.355600000000000000e+05
5.358600000000000000e+05
5.361600000000000000e+05
5.364600000000000000e+05
5.367600000000000000e+05
5.370600000000000000e+05
5.373600000000000000e+05
5.376600000000000000e+05
5.379600000000000000e+05
5.382600000000000000e+05
5.385600000000000000e+05
5.388600000000000000e+05
5.391600000000000000e+05
5.394600000000000000e+05
5.397600000000000000e+05
5.400600000000000000e+05
5.403600000000000000e+05
5.406600000000000000e+05
5.409600000000000000e+05
5.412600000000000000e+05
5.415600000000000000e+05
5.418600000000000000e+05
5.421600000000000000e+05
5.424600000000000000e+05
5.427600000000000000e+05
5.430600000000000000e+05
5.433600000000000000e+05
5.436600000000000000e+05
5.439600000000000000e+05
5.442600000000000000e+05
5.445600000000000000e+05
5.448600000000000000e+05
5.451600000000000000e+05
5.454600000000000000e+05
5.457600000000000000e+05
5.460600000000000000e+05
5.463600000000000000e+05
5.466600000000000000e+05
5.469600000000000000e+05
5.472600000000000000e+05
5.475600000000000000e+05
5.478600000000000000e+05
5.481600000000000000e+05
5.484600000000000000e+05
5.487600000000000000e+05
5.490600000000000000e+05
5.493600000000000000e+05
5.496600000000000000e+05
5.499600000000000000e+05
5.502600000000000000e+05
5.505600000000000000e+05
5.508600000000000000e+05
5.511600000000000000e+05
5.514600000000000000e+05
5.517600000000000000e+05
5.520600000000000000e+05
5.523600000000000000e+05
5.524820000000000000e+05
5.527820000000000000e+05
5.530820000000000000e+05
5.533820000000000000e+05
5.536820000000000000e+05
5.539820000000000000e+05
5.542820000000000000e+05
5.545820000000000000e+05
5.548820000000000000e+05
5.551820000000000000e+05
5.554820000000000000e+05
5.557820000000000000e+05
5.560820000000000000e+05
5.563820000000000000e+05
5.566820000000000000e+05
5.569820000000000000e+05
5.572820000000000000e+05
5.575820000000000000e+05
5.578820000000000000e+05
5.581820000000000000e+05
5.584820000000000000e+05
5.587820000000000000e+05
5.590820000000000000e+05
5.593820000000000000e+05
5.596820000000000000e+05
5.599820000000000000e+05
5.602820000000000000e+05
5.605820000000000000e+05
5.608820000000000000e+05
5.611820000000000000e+05
5.614820000000000000e+05
5.617820000000000000e+05
5.620820000000000000e+05
5.623820000000000000e+05
5.626820000000000000e+05
5.629820000000000000e+05
5.632820000000000000e+05
5.635820000000000000e+05
5.638820000000000000e+05
5.641820000000000000e+05
5.644820000000000000e+05
5.647820000000000000e+05
5.650820000000000000e+05
5.653820000000000000e+05
5.656820000000000000e+05
5.659820000000000000e+05
5.662820000000000000e+05
5.665820000000000000e+05
5.668820000000000000e+05
5.671820000000000000e+05
5.674820000000000000e+05
5.677820000000000000e+05
5.680820000000000000e+05
5.683820000000000000e+05
5.686820000000000000e+05
5.689820000000000000e+05
5.692820000000000000e+05
5.695820000000000000e+05
5.698820000000000000e+05
5.701820000000000000e+05
5.703040000000000000e+05
5.706040000000000000e+05
5.709040000000000000e+05
5.712040000000000000e+05
5.715040000000000000e+05
5.718040000000000000e+05
5.721040000000000000e+05
5.724040000000000000e+05
5.727040000000000000e+05
5.730040000000000000e+05
5.733040000000000000e+05
5.736040000000000000e+05
5.739040000000000000e+05
5.742040000000000000e+05
5.745040000000000000e+05
5.748040000000000000e+05
5.751040000000000000e+05
5.754040000000000000e+05
5.757040000000000000e+05
5.760040000000000000e+05
5.763040000000000000e+05
5.766040000000000000e+05
5.769040000000000000e+05
5.772040000000000000e+05
5.775040000000000000e+05
5.778040000000000000e+05
5.781040000000000000e+05
5.784040000000000000e+05
5.787040000000000000e+05
5.790040000000000000e+05
5.793040000000000000e+05
5.796040000000000000e+05
5.799040000000000000e+05
5.802040000000000000e+05
5.805040000000000000e+05
5.808040000000000000e+05
5.811040000000000000e+05
5.814040000000000000e+05
5.817040000000000000e+05
5.820040000000000000e+05
5.823040000000000000e+05
5.826040000000000000e+05
5.829040000000000000e+05
5.832040000000000000e+05
5.835040000000000000e+05
5.838040000000000000e+05
5.841040000000000000e+05
5.844040000000000000e+05
5.847040000000000000e+05
5.850040000000000000e+05
5.853040000000000000e+05
5.856040000000000000e+05
5.859040000000000000e+05
5.862040000000000000e+05
5.865040000000000000e+05
5.868040000000000000e+05
5.871040000000000000e+05
5.874040000000000000e+05
5.877040000000000000e+05
5.880040000000000000e+05
5.881260000000000000e+05
5.884260000000000000e+05
5.887260000000000000e+05
5.890260000000000000e+05
5.893260000000000000e+05
5.896260000000000000e+05
5.899260000000000000e+05
5.902260000000000000e+05
5.905260000000000000e+05
5.908260000000000000e+05
5.911260000000000000e+05
5.914260000000000000e+05
5.917260000000000000e+05
5.920260000000000000e+05
5.923260000000000000e+05
5.926260000000000000e+05
5.929260000000000000e+05
5.932260000000000000e+05
5.935260000000000000e+05
5.938260000000000000e+05
5.941260000000000000e+05
5.944260000000000000e+05
5.947260000000000000e+05
5.950260000000000000e+05
5.953260000000000000e+05
5.956260000000000000e+05
5.959260000000000000e+05
5.962260000000000000e+05
5.965260000000000000e+05
5.968260000000000000e+05
5.971260000000000000e+05
5.974260000000000000e+05
5.977260000000000000e+05
5.980260000000000000e+05
5.983260000000000000e+05
5.986260000000000000e+05
5.989260000000000000e+05
5.992260000000000000e+05
5.995260000000000000e+05
5.998260000000000000e+05
6.001260000000000000e+05
6.004260000000000000e+05
6.007260000000000000e+05
6.010260000000000000e+05
6.013260000000000000e+05
6.016260000000000000e+05
6.019260000000000000e+05
6.022260000000000000e+05
6.025260000000000000e+05
6.028260000000000000e+05
6.031260000000000000e+05
6.034260000000000000e+05
6.037260000000000000e+05
6.040260000000000000e+05
6.043260000000000000e+05
6.046260000000000000e+05
6.049260000000000000e+05
6.052260000000000000e+05
6.055260000000000000e+05
6.058260000000000000e+05
6.059480000000000000e+05
6.062480000000000000e+05
6.065480000000000000e+05
6.068480000000000000e+05
6.071480000000000000e+05
6.074480000000000000e+05
6.077480000000000000e+05
6.080480000000000000e+05
6.083480000000000000e+05
6.086480000000000000e+05
6.089480000000000000e+05
6.092480000000000000e+05
6.095480000000000000e+05
6.098480000000000000e+05
6.101480000000000000e+05
6.104480000000000000e+05
6.107480000000000000e+05
6.110480000000000000e+05
6.113480000000000000e+05
6.116480000000000000e+05
6.119480000000000000e+05
6.122480000000000000e+05
6.125480000000000000e+05
6.128480000000000000e+05
6.131480000000000000e+05
6.134480000000000000e+05
6.137480000000000000e+05
6.140480000000000000e+05
6.143480000000000000e+05
6.146480000000000000e+05
6.149480000000000000e+05
6.152480000000000000e+05
6.155480000000000000e+05
6.158480000000000000e+05
6.161480000000000000e+05
6.164480000000000000e+05
6.167480000000000000e+05
6.170480000000000000e+05
6.173480000000000000e+05
6.176480000000000000e+05
6.179480000000000000e+05
6.182480000000000000e+05
6.185480000000000000e+05
6.188480000000000000e+05
6.191480000000000000e+05
6.194480000000000000e+05
6.197480000000000000e+05
6.200480000000000000e+05
6.203480000000000000e+05
6.206480000000000000e+05
6.209480000000000000e+05
6.212480000000000000e+05
6.215480000000000000e+05
6.218480000000000000e+05
6.221480000000000000e+05
6.224480000000000000e+05
6.227480000000000000e+05
6.230480000000000000e+05
6.233480000000000000e+05
6.236480000000000000e+05
6.237700000000000000e+05
6.240700000000000000e+05
6.243700000000000000e+05
6.246700000000000000e+05
6.249700000000000000e+05
6.252700000000000000e+05
6.255700000000000000e+05
6.258700000000000000e+05
6.261700000000000000e+05
6.264700000000000000e+05
6.267700000000000000e+05
6.270700000000000000e+05
6.273700000000000000e+05
6.276700000000000000e+05
6.279700000000000000e+05
6.282700000000000000e+05
6.285700000000000000e+05
6.288700000000000000e+05
6.291700000000000000e+05
6.294700000000000000e+05
6.297700000000000000e+05
6.300700000000000000e+05
6.303700000000000000e+05
6.306700000000000000e+05
6.309700000000000000e+05
6.312700000000000000e+05
6.315700000000000000e+05
6.318700000000000000e+05
6.321700000000000000e+05
6.324700000000000000e+05
6.327700000000000000e+05
6.330700000000000000e+05
6.333700000000000000e+05
6.336700000000000000e+05
6.339700000000000000e+05
6.342700000000000000e+05
6.345700000000000000e+05
6.348700000000000000e+05
6.351700000000000000e+05
6.354700000000000000e+05
6.357700000000000000e+05
6.360700000000000000e+05
6.363700000000000000e+05
6.366700000000000000e+05
6.369700000000000000e+05
6.372700000000000000e+05
6.375700000000000000e+05
6.378700000000000000e+05
6.381700000000000000e+05
6.384700000000000000e+05
6.387700000000000000e+05
6.390700000000000000e+05
6.393700000000000000e+05
6.396700000000000000e+05
6.399700000000000000e+05
6.402700000000000000e+05
6.405700000000000000e+05
6.408700000000000000e+05
6.411700000000000000e+05
6.414700000000000000e+05
6.415920000000000000e+05
6.418920000000000000e+05
6.421920000000000000e+05
6.424920000000000000e+05
6.427920000000000000e+05
6.430920000000000000e+05
6.433920000000000000e+05
6.436920000000000000e+05
6.439920000000000000e+05
6.442920000000000000e+05
6.445920000000000000e+05
6.448920000000000000e+05
6.451920000000000000e+05
6.454920000000000000e+05
6.457920000000000000e+05
6.460920000000000000e+05
6.463920000000000000e+05
6.466920000000000000e+05
6.469920000000000000e+05
6.472920000000000000e+05
6.475920000000000000e+05
6.478920000000000000e+05
6.481920000000000000e+05
6.484920000000000000e+05
6.487920000000000000e+05
6.490920000000000000e+05
6.493920000000000000e+05
6.496920000000000000e+05
6.499920000000000000e+05
6.502920000000000000e+05
6.505920000000000000e+05
6.508920000000000000e+05
6.511920000000000000e+05
6.514920000000000000e+05
6.517920000000000000e+05
6.520920000000000000e+05
6.523920000000000000e+05
6.526920000000000000e+05
6.529920000000000000e+05
6.532920000000000000e+05
6.535920000000000000e+05
6.538920000000000000e+05
6.541920000000000000e+05
6.544920000000000000e+05
6.547920000000000000e+05
6.550920000000000000e+05
6.553920000000000000e+05
6.556920000000000000e+05
6.559920000000000000e+05
6.562920000000000000e+05
6.565920000000000000e+05
6.568920000000000000e+05
6.571920000000000000e+05
6.574920000000000000e+05
6.577920000000000000e+05
6.580920000000000000e+05
6.583920000000000000e+05
6.586920000000000000e+05
6.589920000000000000e+05
6.592920000000000000e+05
6.594140000000000000e+05
6.597140000000000000e+05
6.600140000000000000e+05
6.603140000000000000e+05
6.606140000000000000e+05
6.609140000000000000e+05
6.612140000000000000e+05
6.615140000000000000e+05
6.618140000000000000e+05
6.621140000000000000e+05
6.624140000000000000e+05
6.627140000000000000e+05
6.630140000000000000e+05
6.633140000000000000e+05
6.636140000000000000e+05
6.639140000000000000e+05
6.642140000000000000e+05
6.645140000000000000e+05
6.648140000000000000e+05
6.651140000000000000e+05
6.654140000000000000e+05
6.657140000000000000e+05
6.660140000000000000e+05
6.663140000000000000e+05
6.666140000000000000e+05
6.669140000000000000e+05
6.672140000000000000e+05
6.675140000000000000e+05
6.678140000000000000e+05
6.681140000000000000e+05
6.684140000000000000e+05
6.687140000000000000e+05
6.690140000000000000e+05
6.693140000000000000e+05
6.696140000000000000e+05
6.699140000000000000e+05
6.702140000000000000e+05
6.705140000000000000e+05
6.708140000000000000e+05
6.711140000000000000e+05
6.714140000000000000e+05
6.717140000000000000e+05
6.720140000000000000e+05
6.723140000000000000e+05
6.726140000000000000e+05
6.729140000000000000e+05
6.732140000000000000e+05
6.735140000000000000e+05
6.738140000000000000e+05
6.741140000000000000e+05
6.744140000000000000e+05
6.747140000000000000e+05
6.750140000000000000e+05
6.753140000000000000e+05
6.756140000000000000e+05
6.759140000000000000e+05
6.762140000000000000e+05
6.765140000000000000e+05
6.768140000000000000e+05
6.771140000000000000e+05
6.772360000000000000e+05
6.775360000000000000e+05
6.778360000000000000e+05
6.781360000000000000e+05
6.784360000000000000e+05
6.787360000000000000e+05
6.790360000000000000e+05
6.793360000000000000e+05
6.796360000000000000e+05
6.799360000000000000e+05
6.802360000000000000e+05
6.805360000000000000e+05
6.808360000000000000e+05
6.811360000000000000e+05
6.814360000000000000e+05
6.817360000000000000e+05
6.820360000000000000e+05
6.823360000000000000e+05
6.826360000000000000e+05
6.829360000000000000e+05
6.832360000000000000e+05
6.835360000000000000e+05
6.838360000000000000e+05
6.841360000000000000e+05
6.844360000000000000e+05
6.847360000000000000e+05
6.850360000000000000e+05
6.853360000000000000e+05
6.856360000000000000e+05
6.859360000000000000e+05
6.862360000000000000e+05
6.865360000000000000e+05
6.868360000000000000e+05
6.871360000000000000e+05
6.874360000000000000e+05
6.877360000000000000e+05
6.880360000000000000e+05
6.883360000000000000e+05
6.886360000000000000e+05
6.889360000000000000e+05
6.892360000000000000e+05
6.895360000000000000e+05
6.898360000000000000e+05
6.901360000000000000e+05
6.904360000000000000e+05
6.907360000000000000e+05
6.910360000000000000e+05
6.913360000000000000e+05
6.916360000000000000e+05
6.919360000000000000e+05
6.922360000000000000e+05
6.925360000000000000e+05
6.928360000000000000e+05
6.931360000000000000e+05
6.934360000000000000e+05
6.937360000000000000e+05
6.940360000000000000e+05
6.943360000000000000e+05
6.946360000000000000e+05
6.949360000000000000e+05
6.950580000000000000e+05
6.953580000000000000e+05
6.956580000000000000e+05
6.959580000000000000e+05
6.962580000000000000e+05
6.965580000000000000e+05
6.968580000000000000e+05
6.971580000000000000e+05
6.974580000000000000e+05
6.977580000000000000e+05
6.980580000000000000e+05
6.983580000000000000e+05
6.986580000000000000e+05
6.989580000000000000e+05
6.992580000000000000e+05
6.995580000000000000e+05
6.998580000000000000e+05
7.001580000000000000e+05
7.004580000000000000e+05
7.007580000000000000e+05
7.010580000000000000e+05
7.013580000000000000e+05
7.016580000000000000e+05
7.019580000000000000e+05
7.022580000000000000e+05
7.025580000000000000e+05
7.028580000000000000e+05
7.031580000000000000e+05
7.034580000000000000e+05
7.037580000000000000e+05
7.040580000000000000e+05
7.043580000000000000e+05
7.046580000000000000e+05
7.049580000000000000e+05
7.052580000000000000e+05
7.055580000000000000e+05
7.058580000000000000e+05
7.061580000000000000e+05
7.064580000000000000e+05
7.067580000000000000e+05
7.070580000000000000e+05
7.073580000000000000e+05
7.076580000000000000e+05
7.079580000000000000e+05
7.082580000000000000e+05
7.085580000000000000e+05
7.088580000000000000e+05
7.091580000000000000e+05
7.094580000000000000e+05
7.097580000000000000e+05
7.100580000000000000e+05
7.103580000000000000e+05
