6.033314145485021527e+02
5.272245242660783333e+02
4.222417524643742581e+02
3.442282600480897941e+02
2.877703019692282282e+02
2.463229460943218783e+02
2.462843451676205291e+02
2.788292668194593489e+02
2.386704649605046029e+02
2.086972884983880761e+02
2.086625171381678001e+02
2.437408871226833753e+02
2.124402347905355271e+02
1.890339742232830247e+02
1.731804885197311989e+02
1.615689492933149722e+02
1.533176176164813000e+02
1.457338910898749873e+02
1.393655140571588049e+02
1.350550934959494782e+02
1.319174178871200240e+02
1.295022618406165407e+02
1.266311286607537880e+02
1.252770362002932956e+02
1.239885614083804057e+02
1.228297491210649497e+02
1.232417368056441234e+02
1.205424305901659778e+02
1.192597723029510632e+02
1.183566786957721177e+02
1.163178212002062963e+02
1.142853816667753222e+02
1.144607756787784609e+02
1.151493658889548044e+02
1.161769030598910035e+02
1.192926150891767492e+02
1.191758240442373591e+02
1.182898142092034277e+02
1.172390311597557968e+02
1.156922532524881433e+02
1.138958272339215227e+02
1.142346382167324634e+02
1.144976643787933597e+02
1.143803518957838747e+02
1.141678880860489755e+02
1.139489483898551470e+02
1.129866647309013814e+02
1.126371361214238505e+02
1.128093800358461181e+02
1.128278734053636185e+02
1.132622345367743293e+02
1.130226244572282042e+02
1.124564415010373466e+02
1.115608678121080999e+02
1.108461941096288257e+02
1.110238344425345360e+02
1.108035945221583063e+02
1.108950750681437256e+02
1.104757385458320300e+02
1.103837746152861428e+02
1.100121951150434825e+02
1.093190326530365155e+02
1.094463762280705623e+02
1.101229164015215360e+02
1.098417753299541317e+02
1.089010549492897582e+02
1.091875958051136735e+02
1.090355796700462463e+02
1.089438808290518921e+02
1.108770145387668293e+02
1.115991982939433314e+02
1.092115147519674991e+02
1.078468299045088941e+02
1.078241549470320990e+02
