1.271696409181978566e+02
1.141666882443233533e+02
1.027580078150838290e+02
9.406150266017833417e+01
8.713935378400415743e+01
8.207314438987842209e+01
7.755389720729516512e+01
7.434952153146925014e+01
7.175325763745919971e+01
6.991526611547473635e+01
6.819975710635149824e+01
6.632320098448374779e+01
6.505601617929437452e+01
6.388855469603628734e+01
6.296497419357766745e+01
6.233334988831975210e+01
6.165469196371827110e+01
6.103839924428227448e+01
6.044927617971629275e+01
6.014270873997075739e+01
5.983962131739441048e+01
5.937931833097383816e+01
5.918595601884049273e+01
5.910476986271057598e+01
5.872820866554094010e+01
5.855324348279737023e+01
5.812281608866402394e+01
5.820108141283453307e+01
5.825162787865552616e+01
5.830631129788847744e+01
5.827212381385281503e+01
5.775060190464404286e+01
5.783470691274902009e+01
5.807521844987419257e+01
5.837387827451830447e+01
5.847437893690424460e+01
5.783802977616930008e+01
5.803260246711369774e+01
5.770326137464869021e+01
5.830073108383884062e+01
5.783454655753754992e+01
5.740888251515049490e+01
