4.160450832624749268e-02
4.830053152033750991e-03
-1.010773746439770290e-02
2.525430780755502647e-02
-2.792539059055151526e-02
4.189717859380528292e-02
3.877844233686883729e-03
-2.197871565452785836e-03
-7.875736026554139291e-02
-1.905863511396552884e-02
-8.444542010771860507e-02
1.425488063160942984e-03
8.549025778723261249e-03
-3.731829857634724051e-02
-1.383896365323276055e-02
4.794155015455587449e-02
9.378891444279731371e-02
-1.690693990454645440e-02
-2.235506550959511993e-02
3.052022290266363791e-02
-6.037102796529120879e-02
5.886981528776673994e-02
-5.527639684865186948e-02
4.396589751798755941e-02
2.277503090222808904e-02
-1.877038786170714610e-02
6.970415047632104628e-03
-2.648241446249920486e-02
7.062962469894022710e-02
7.744066790897748132e-02
6.687469265225239046e-02
5.654045679278756628e-04
3.767041830696159221e-02
-1.118039382202980075e-01
1.977200993618316582e-02
-1.908259714906917343e-02
8.206050032320373611e-02
8.314586527746466865e-03
-2.091872461297682173e-02
-2.657248483866326422e-03
-4.318124710945050321e-02
7.815620823616796498e-02
3.441325951907244635e-02
-1.915200730939407847e-02
-3.687968569688940268e-02
1.156941736630700580e-02
-1.694272701470026302e-02
3.076136436217711406e-02
-1.724236078479336048e-02
3.963394358479319785e-02
3.588943492257419543e-03
-2.180333850859718370e-02
4.709230442992594357e-02
6.106272806682333174e-04
4.840255070650055502e-02
1.709847546366008719e-01
1.016763627122584251e-01
-2.286389404890568425e-02
6.442495046516162616e-02
-4.325200813162108360e-02
-5.574630488199796424e-02
7.674559092678678862e-02
4.224901772841196945e-02
-4.728171398205369136e-02
-9.372509362607713175e-04
7.901404727388424559e-03
1.483626982146902563e-02
-4.971071715531167473e-02
-2.336643390474621787e-02
2.635052108472916554e-03
-4.390212728573460350e-03
1.618882541077056383e-02
-2.370236905565694177e-02
-2.071147683184030794e-02
3.240965298336485195e-02
-3.889966257640596614e-02
6.594027380511106873e-02
-3.535116094302234724e-02
2.109191045917876289e-02
6.013345825274550582e-02
2.677879741793053395e-02
2.940857210325997437e-02
4.517388604387384543e-02
-2.242040405465313413e-02
-1.495373093146337186e-02
5.771220798153345322e-02
-2.654935387927335674e-02
-3.540442430512134170e-02
6.527524929296099621e-02
-2.436854763688166975e-02
-1.605741206025152606e-02
2.293352440606772139e-02
3.127442059234623872e-02
2.515100891771787639e-02
1.087723943085163077e-02
1.691066836928830155e-02
-2.141262258160444437e-02
-3.866327740594549534e-02
-4.008288043440080134e-02
-5.462672324754098280e-02
4.612613169833550825e-02
9.821950002797244506e-02
3.162970402301459177e-02
-3.823784584531105587e-03
1.186573859637803964e-02
7.810867006702450210e-02
4.036875529081186686e-02
3.418777485283920614e-02
5.133707019599692903e-04
-7.437847559044592771e-03
4.743903974444738103e-02
6.440782838432029811e-02
-4.742480041736962110e-02
-2.639039412928164546e-02
-4.011126228754345602e-02
1.744396225143132750e-02
-8.889051137854831960e-03
-4.567953203428603420e-02
-2.691193583223276242e-03
-1.329298797649241734e-02
-4.143562706273957313e-02
-8.732598292740036128e-02
-2.749667842345798491e-03
-3.838759663225352337e-02
5.326033277828221696e-02
1.814890641457124476e-02
-1.004620133899169904e-01
1.031221131974877081e-02
2.093837403215060428e-02
7.093491247994109135e-03
-2.157747430375498224e-02
-5.872388349522979223e-02
2.730879340553386478e-02
3.158596672299538582e-02
8.835898537335393210e-03
5.707363503391381550e-03
2.716496765360412041e-02
4.673000464841258611e-02
-2.692477166622396501e-02
2.115483794754988156e-02
4.346202463548012179e-02
4.646472953550010582e-02
-7.883242699139871371e-03
-9.143786081757396961e-03
-6.112775399132154390e-03
-3.704949616111796740e-02
8.497602408601595200e-03
-5.539682034279719974e-02
-8.399433937176629256e-03
-3.526751428087174060e-03
6.678712503800125593e-03
-1.011586108856028926e-01
-1.803641410767533454e-02
2.553671557906227185e-02
4.979343577334640475e-02
-4.909406229031663266e-02
