-1.243904719126372529e-02
1.877569011347348521e-02
1.322239192981858151e-02
2.228115573117504453e-02
2.231275015623562091e-02
2.232402255272919814e-02
8.880812881354720190e-03
1.585308875562111211e-02
2.619059905207587677e-02
1.980544888241237561e-02
4.194433191400706931e-03
1.511751057127322558e-02
1.846264756943075472e-02
1.591663925796595047e-02
-6.552300735257218876e-04
9.425140146741386657e-03
-2.943712203678441885e-02
1.037137137743099000e-02
3.507681022480999607e-03
6.182744319821557692e-03
-7.554450927159154019e-03
-8.685086031505301687e-03
-1.086377674599644377e-02
-2.559087599764645320e-03
-2.230321975265152357e-02
1.248172214485298616e-02
-4.566477324345396410e-02
-7.388326636076237436e-03
-1.212763814572779576e-02
-5.313904584559042167e-03
-2.836357805327941600e-02
-3.168771122031958931e-02
-2.710357668315415899e-02
-4.854184060665463901e-02
-1.628028924205808872e-02
-2.033164715068867465e-02
-5.184857899174082074e-02
-1.886379847435501478e-04
-2.620330904009829376e-02
-5.128047543653029700e-02
-5.414996546458895194e-02
-1.205283609475290597e-02
-7.279653354873285784e-03
-2.495147686383207206e-02
-3.219869214386952838e-02
-2.574242642493631064e-02
-2.840647422699769942e-02
-1.156074075130279766e-02
-1.369730363720397283e-02
-2.448918393550750597e-02
-4.833085403290657972e-02
-4.506810301445318689e-02
-2.282077939031164696e-02
-3.583413132177008104e-02
-2.259549609244560983e-02
-5.284547857131231124e-02
-2.984408471922900263e-02
-9.968450501740569458e-02
-1.085554266964003090e-01
-1.412931521365779104e-02
-3.699856052656751854e-02
-4.678598132417339378e-02
-7.150893665173993496e-02
-2.871967975979806270e-02
-3.293967748082160529e-02
-2.067919452980957612e-02
-4.554079139290170830e-02
-5.324368190022011477e-02
-1.153832296133576636e-02
-2.595860798404805991e-03
-5.901968212376355188e-02
-3.177772295643756240e-02
-3.688485278908721493e-02
-5.937618144957390598e-02
-3.445832635520306581e-02
-4.451922262202416547e-02
-5.508656470139743772e-02
-5.948658987480386767e-02
-6.411244771184647362e-02
-6.011192208050758490e-02
-8.546580247472555791e-02
-7.893358036845959935e-02
-9.288495451624036170e-02
-8.170665437592164460e-02
-8.556223373661808740e-02
-9.650947012870481068e-02
-9.076696669961659136e-02
-9.915565690029713719e-02
-8.949753430337729909e-02
-1.082135120484741253e-01
-9.537336788043962454e-02
-7.428683103927509468e-02
-8.481818339917908400e-02
-8.454040331124337837e-02
-7.600819575553846574e-02
-6.041701517582399178e-02
-7.791301602758549105e-02
-1.076076178446321724e-01
-9.064113582843916217e-02
-8.398895819700591403e-02
-6.933717423753213427e-02
-9.374643219309559961e-02
-1.049503761606360719e-01
-8.646189761541875352e-02
-8.630728303299287085e-02
-1.029399757457424985e-01
-1.024017318257635506e-01
-1.032076082040051385e-01
-6.320593296503254632e-02
-9.991716622738727738e-02
-8.987086873967087275e-02
-8.268429426225251677e-02
-8.259537552906046076e-02
-7.676091171701381055e-02
-1.098588480984834664e-01
-6.617808955457429865e-02
-1.153433018470228777e-01
-8.436485962789043447e-02
-1.010654283203649695e-01
-1.162258103149887284e-01
-8.908028180095227400e-02
-5.847336451602835883e-02
-8.234614333993862945e-02
-1.100762669216433093e-01
-5.529473485632525193e-02
-1.122622696328114400e-01
-1.130206641906587178e-01
-1.052335363243669247e-01
-9.961265112563132129e-02
-5.647345595168466043e-02
-6.589267960159060633e-02
-8.657952935257504090e-02
-7.534758680652865748e-02
-8.342227892375603249e-02
-8.854476228989631437e-02
-7.427521776081595639e-02
-8.519141504994282021e-02
-7.915924952284249250e-02
-1.111298317958387821e-01
-7.914714995159934097e-02
-5.856651884329286406e-02
-7.669242512465399009e-02
-6.791800881630950804e-02
-6.447241917598001137e-02
-6.295130061121975706e-02
-7.939031319087395955e-02
-1.025789020418322595e-01
-6.237796649546493988e-02
-1.028070725821138981e-01
-8.473062965646514788e-02
-1.087153063043316270e-01
-9.710016216354673546e-02
-6.152564662356244801e-02
-6.409824656520789199e-02
-8.212476276027692867e-02
-1.045320899805375209e-01
