-3.876751011546829551e-01
1.925896474731018382e-01
2.701131045181346946e-01
-2.410367119789328938e-01
3.611653848826705260e-01
1.934697609802606966e-01
-1.017673370377496049e-02
-2.064724413658188262e-01
-2.909944944125474331e-01
-2.846768752933778179e-01
-2.158481952080104349e-01
5.125028575761694238e-01
1.267357439385068674e-01
3.434958564664756242e-01
-2.131583398417245812e-01
5.333018437110438326e-01
3.868851101170335538e-04
-4.979925539277083729e-02
2.315165406766586109e-01
-4.329232589699703176e-02
-3.900231545136397249e-01
7.040039278386269750e-01
2.785050006251536120e-02
-2.909311761236376137e-01
5.881508652490534672e-01
1.523579870013317961e-01
2.404465569951170223e-01
-2.570989796804142857e-01
1.173869750806568329e-01
3.986978699533673121e-01
-3.899315723805343858e-01
-1.677947528138772626e-01
-2.025110145294080344e-01
3.693135005034759999e-01
3.562362611113081279e-01
3.401011921872532651e-01
-3.127835642763733548e-02
1.144451082334098507e-01
2.872120216023028583e-01
1.338879110335321025e-02
-8.722422369835912404e-02
1.876158052112621988e-01
5.587554346379225434e-01
8.869954527546759504e-01
4.705497409127717967e-01
3.592761071658673311e-01
-7.050125029774383101e-02
1.139764743926225121e-01
2.396691922629396246e-02
3.850471849614754416e-01
-8.262531936620562401e-03
3.137223450815247727e-02
8.162564311562466868e-01
-6.234054493421659071e-01
-2.640298082234733834e-01
-1.553472716646738250e-01
5.316792672838722700e-01
3.227235050829251328e-01
-2.962067478859845004e-01
9.650181481583662568e-02
-2.246332608193913061e-01
-6.181440314492513410e-01
2.094273071631915506e-01
1.540820072378562000e-01
3.007345698628656194e-01
-6.772372745243083747e-01
-7.585954357064738675e-03
-2.784897320806694054e-01
-1.153954778561909339e-01
2.773010012544250280e-01
3.742735951540765993e-01
-5.814100023610075524e-02
-5.073799767373576852e-01
-7.983585619892936691e-01
-3.124458405982786235e-01
5.344518622562034471e-01
-2.321207416777379684e-01
3.392865555857382254e-01
5.270176488392245284e-01
-3.307781471639945070e-01
-6.174099352908090088e-01
-1.015993794526598160e-01
-3.201881291035199029e-01
-8.489427906548856206e-02
4.150295810610827307e-01
6.748650020750004974e-02
-2.404167790957200401e-01
-3.795660983116307813e-02
-5.112787571369649120e-01
3.369578699645844888e-01
-5.009572930834681470e-01
2.977222657026440053e-02
2.759099199840357453e-01
1.364383549462948320e-01
-2.960062029156749763e-01
-3.317069125210194702e-01
-1.131239418486625348e-01
6.312234321394764036e-01
2.330196422593196481e-01
-3.745507044133573049e-01
3.644892747328676852e-01
-1.266961207999046934e-01
3.101565973149614797e-01
6.856731240841409947e-02
6.678933678924765527e-01
-1.750501591206824609e-02
2.022932104396296948e-01
3.504413033422560525e-02
-2.302756992930606592e-04
-1.413260048548145575e-01
-7.673143486012387604e-02
6.862934979961068938e-02
-7.892343590970979372e-02
3.094896650775061930e-01
7.466541942590514125e-02
2.356924757779450263e-01
-1.296472021200713587e-01
-1.753946005024238988e-02
-3.952006004344999629e-02
2.945003169176928504e-01
-4.254881047810802341e-01
-3.012160989953505674e-01
1.657392136835812990e-01
-2.733846262328830101e-01
3.257808524840669073e-01
1.772165919343665630e-01
5.914900678454375615e-01
1.663387072492114316e-01
3.225522056894635781e-01
-9.367363207198746433e-02
1.686554117774569650e-01
-6.813354712301791238e-01
-7.274236534876329929e-02
-2.271411054298422272e-01
4.942136778473323333e-01
-8.661352835763994618e-01
-3.677141909748979365e-02
5.924529507324174382e-01
2.797859575170724145e-01
-3.150828518194487282e-01
1.545372467401628647e-01
-1.114915414015325706e-01
1.829166199234038559e-01
5.774061890340356218e-01
2.916230210955906843e-01
-5.810196357239704179e-01
3.811819483053970892e-01
-4.479205487033222077e-01
-1.343809781950569826e-01
-1.769441836274474322e-01
-3.919393791587383324e-01
-2.731746315937412795e-01
3.861376853126431176e-03
-1.091733649024586861e-01
-2.481330248031883845e-01
8.334993944175870251e-01
9.105508308722704003e-01
7.088697303474368328e-01
7.916717036550864339e-01
3.772868960791052051e-01
1.610097103301884047e-01
1.372507396008631753e-01
-3.766089456173131178e-01
-1.984010401470578111e-01
8.647351859201954372e-02
-2.869687486216817435e-02
3.034780800083864416e-01
7.767631358279601661e-02
1.125508965205719858e-01
-1.245742419004381429e-01
-6.592952373143406986e-02
-4.525509121874158325e-01
-1.717266345682686435e-01
3.816784702227632442e-01
-1.115083656260344863e-01
-2.244579179055126716e-01
-8.538341325349322330e-01
3.263290567897305650e-01
6.933466191970925063e-01
1.286231071518600944e-01
2.092570115011717358e-01
4.064044591452659581e-03
2.195929521986434568e-02
-3.758725463393518540e-01
-2.768323470833380928e-01
2.372233320751567232e-01
2.843455155487548125e-01
1.724318222989586480e-01
-5.834325408303059346e-02
-2.176601608170367075e-02
-4.134095062141631138e-01
-3.566677895153294031e-01
-6.806754199145115258e-01
8.536248597042489505e-01
-6.106316567376585125e-01
5.549825613915806977e-02
-3.205677951962185857e-01
-6.949044614539098830e-02
-4.127475460788995743e-01
-8.043364579182789298e-02
-5.391781626098004487e-01
-9.426956849212539957e-01
3.585329390126285043e-01
1.638557978460732367e-01
2.027200459305613170e-02
1.805396541333531835e-01
-2.454611268632237442e-01
-1.967798068263823530e-01
2.205506720239293339e-01
6.208131216309578093e-01
-1.110917494508276843e-01
4.058087810981863552e-01
5.877256794740883805e-01
-5.461013514318890927e-01
2.978085690543684771e-01
2.640566506306362693e-01
1.407043719728690578e-01
9.786536110534913013e-02
-3.025807942642186887e-01
1.500645092181476514e-01
2.662355216693926829e-01
3.133814104006514834e-01
4.657111179623064645e-01
9.877645033766563332e-02
7.404773171126441400e-02
4.059642611893021225e-01
1.926151670782484115e-01
-2.262283140090777800e-01
-9.071623800772175006e-01
-2.276504377256105272e-01
9.564829276961879165e-03
5.068275634796529650e-01
1.746956092531878613e-01
-5.710572166621838974e-01
3.742133004089701065e-01
-8.334078071108282915e-01
-2.383696780860372066e-01
7.323505897341204829e-01
-1.251214393371333222e-02
-1.237020825234992349e-01
-2.774471720300020761e-01
-5.022545540251376339e-01
-8.089263436175878064e-02
2.822577600038933543e-01
-1.003458045608318083e-01
7.703433289387199290e-01
-2.203253235008888755e-01
5.074851432285315544e-01
9.256201151939258409e-01
-3.963789187162486405e-01
-1.177700375218900947e-01
3.053749636966623590e-02
-3.896343841418890563e-01
1.164970692637017635e-01
-5.228739601434011508e-01
-6.368382254146555121e-01
4.879186255592543597e-01
-5.601727364138602006e-03
5.178980632637077974e-01
-8.540903991598063072e-02
-9.787200624109564095e-02
3.210976665737726443e-01
-2.305751343106639817e-01
-6.285038357766054018e-01
-3.047250747564660411e-01
7.688446876443630895e-01
-8.915347353907018824e-02
-1.544326843282859407e-01
-1.776846968871094445e-01
-3.010130146401466256e-01
-7.713314546640626101e-01
-8.839818529366867406e-01
-7.782920626460831937e-01
-4.975722923159855288e-02
2.306799491589414941e-01
-2.124074144556995503e-01
4.593371685581278396e-01
5.386493007140109590e-01
2.950404119466159755e-02
1.615695397818767143e-01
-3.321943287594331662e-01
1.986541602443059051e-01
2.251410524743355790e-01
-1.705280937493457993e-01
5.630861127666700883e-01
1.988747948034464974e-01
5.091318029331668576e-02
2.360571019028826489e-01
-1.170000696043585892e-01
5.069964796977279864e-01
-1.886487688663066389e-02
9.258833305646467504e-02
5.635746487491887224e-01
-7.180312132256424507e-01
-4.605168029345071967e-01
-5.516741292935628538e-01
-6.220616435989509974e-01
3.794734995437573088e-01
-1.636399280983950877e-01
-3.897248458253712577e-01
